date	MRYT
19950728	0.00
19950729	0.54
19950730	0.30
19950731	0.06
19950801	0.08
19950802	0.10
19950803	0.60
19950804	0.68
19950805	0.46
19950806	0.38
19950807	0.42
19950808	0.53
19950809	0.60
19950810	0.40
19950811	0.51
19950812	0.83
19950813	0.32
19950814	0.15
19950815	0.40
19950816	0.60
19950817	0.93
19950818	0.93
19950819	0.88
19950820	0.12
19950821	0.22
19950822	0.18
19950823	0.27
19950824	0.31
19950825	1.00
19950826	0.99
19950827	0.94
19950828	0.24
19950829	0.14
19950830	0.11
19950831	0.11
19950901	0.12
19950902	0.10
19950903	0.51
19950904	0.99
19950905	0.92
19950906	0.84
19950907	0.10
19950908	0.08
19950909	0.20
19950910	0.09
19950911	0.01
19950912	0.04
19950913	0.06
19950914	0.40
19950915	0.45
19950916	0.12
19950917	0.35
19950918	0.06
19950919	0.05
19950920	0.06
19950921	0.18
19950922	0.25
19950923	0.92
19950924	0.64
19950925	0.04
19950926	0.03
19950927	0.46
19950928	0.61
19950929	0.56
19950930	0.06
19951001	0.12
19951002	0.12
19951003	0.02
19951004	0.03
19951005	0.06
19951006	0.12
19951007	0.06
19951008	0.12
19951009	0.18
19951010	0.01
19951011	0.06
19951012	0.03
19951013	0.01
19951014	0.08
19951015	0.02
19951016	0.03
19951017	0.06
19951018	0.12
19951019	0.19
19951020	0.05
19951021	0.11
19951022	0.10
19951023	0.10
19951024	0.19
19951025	0.17
19951026	0.06
19951027	0.04
19951028	0.03
19951029	0.28
19951030	0.14
19951031	0.06
19951101	0.06
19951102	0.01
19951103	0.03
19951104	0.04
19951105	0.06
19951106	0.06
19951107	0.08
19951108	0.05
19951109	0.06
19951110	0.04
19951111	0.03
19951112	0.13
19951113	0.13
19951114	0.17
19951115	0.97
19951116	0.38
19951117	0.17
19951118	0.03
19951119	0.05
19951120	0.17
19951121	0.07
19951122	0.12
19951123	0.05
19951124	0.44
19951125	0.42
19951126	0.04
19951127	0.03
19951128	0.03
19951129	0.01
19951130	0.05
19951201	0.03
19951202	0.01
19951203	0.08
19951204	0.49
19951205	0.76
19951206	0.76
19951207	0.62
19951208	0.08
19951209	0.06
19951210	0.06
19951211	0.01
19951212	0.01
19951213	0.09
19951214	0.09
19951215	0.04
19951216	0.04
19951217	0.08
19951218	0.07
19951219	0.05
19951220	0.03
19951221	0.05
19951222	0.09
19951223	0.05
19951224	0.03
19951225	0.07
19951226	0.07
19951227	0.03
19951228	0.02
19951229	0.04
19951230	0.03
19951231	0.01
19960101	0.06
19960102	0.04
19960103	0.02
19960104	0.03
19960105	0.01
19960106	0.17
19960107	0.02
19960108	0.06
19960109	0.01
19960110	0.00
19960111	0.00
19960112	0.00
19960113	0.06
19960114	0.10
19960115	0.14
19960116	0.08
19960117	0.01
19960118	0.29
19960119	0.42
19960120	0.39
19960121	0.50
19960122	0.65
19960123	0.75
19960124	0.75
19960125	0.59
19960126	0.92
19960127	0.98
19960128	0.94
19960129	0.88
19960130	0.61
19960131	0.66
19960201	0.64
19960202	0.37
19960203	0.56
19960204	0.73
19960205	0.90
19960206	0.91
19960207	0.60
19960208	0.31
19960209	0.12
19960210	0.03
19960211	0.11
19960212	0.02
19960213	0.02
19960214	0.06
19960215	0.05
19960216	0.02
19960217	0.09
19960218	0.03
19960219	0.08
19960220	0.06
19960221	0.10
19960222	0.12
19960223	0.05
19960224	0.18
19960225	0.15
19960226	0.26
19960227	0.18
19960228	0.06
19960229	0.01
19960301	0.05
19960302	0.03
19960303	0.06
19960304	0.18
19960305	0.35
19960306	0.47
19960307	0.62
19960308	0.65
19960309	0.57
19960310	0.56
19960311	0.80
19960312	0.97
19960313	0.96
19960314	0.95
19960315	0.68
19960316	0.20
19960317	0.09
19960318	0.08
19960319	0.17
19960320	0.13
19960321	0.07
19960322	0.04
19960323	0.17
19960324	0.14
19960325	0.20
19960326	0.27
19960327	0.24
19960328	0.52
19960329	0.41
19960330	0.17
19960331	0.10
19960401	0.12
19960402	0.16
19960403	0.60
19960404	0.62
19960405	0.40
19960406	0.33
19960407	0.08
19960408	0.35
19960409	0.45
19960410	0.75
19960411	0.99
19960412	1.00
19960413	0.85
19960414	0.94
19960415	1.00
19960416	1.00
19960417	1.00
19960418	0.99
19960419	1.00
19960420	1.00
19960421	0.99
19960422	0.96
19960423	0.97
19960424	0.94
19960425	0.92
19960426	1.00
19960427	0.95
19960428	0.49
19960429	0.59
19960430	0.69
19960501	0.53
19960502	0.34
19960503	0.90
19960504	0.19
19960505	0.14
19960506	0.30
19960507	0.53
19960508	0.58
19960509	0.53
19960510	0.54
19960511	0.55
19960512	0.67
19960513	0.83
19960514	0.62
19960515	0.61
19960516	0.56
19960517	0.39
19960518	0.14
19960519	0.08
19960520	0.22
19960521	0.17
19960522	0.15
19960523	0.22
19960524	0.39
19960525	0.38
19960526	0.35
19960527	0.34
19960528	0.35
19960529	0.51
19960530	0.34
19960531	0.60
19960601	0.92
19960602	0.95
19960603	0.51
19960604	0.43
19960605	0.47
19960606	0.36
19960607	0.38
19960608	0.32
19960609	0.33
19960610	0.38
19960611	0.39
19960612	0.38
19960613	0.47
19960614	0.58
19960615	0.44
19960616	0.60
19960617	0.53
19960618	0.35
19960619	0.29
19960620	0.33
19960621	0.34
19960622	0.47
19960623	0.37
19960624	0.28
19960625	0.32
19960626	0.34
19960627	0.30
19960628	0.32
19960629	0.35
19960630	0.33
19960701	0.30
19960702	0.47
19960703	0.53
19960704	0.47
19960705	0.39
19960706	0.49
19960707	0.75
19960708	0.97
19960709	0.53
19960710	0.34
19960711	0.62
19960712	0.46
19960713	0.35
19960714	0.62
19960715	0.76
19960716	0.42
19960717	0.26
19960718	0.31
19960719	0.40
19960720	0.21
19960721	0.57
19960722	0.56
19960723	0.57
19960724	0.74
19960725	0.85
19960726	0.51
19960727	0.58
19960728	0.62
19960729	0.83
19960730	0.70
19960731	0.43
19960801	0.54
19960802	0.78
19960803	0.62
19960804	0.68
19960805	0.80
19960806	0.81
19960807	0.61
19960808	0.44
19960809	0.60
19960810	0.54
19960811	0.70
19960812	0.66
19960813	0.60
19960814	0.67
19960815	0.58
19960816	0.37
19960817	0.33
19960818	0.52
19960819	0.60
19960820	0.77
19960821	0.78
19960822	0.67
19960823	0.26
19960824	0.62
19960825	0.44
19960826	0.70
19960827	0.87
19960828	0.28
19960829	0.54
19960830	0.79
19960831	0.49
19960901	0.47
19960902	0.62
19960903	0.62
19960904	0.56
19960905	0.38
19960906	0.68
19960907	0.66
19960908	0.40
19960909	0.05
19960910	0.06
19960911	0.03
19960912	0.01
19960913	0.09
19960914	0.77
19960915	0.63
19960916	0.62
19960917	0.74
19960918	0.56
19960919	0.22
19960920	0.12
19960921	0.09
19960922	0.08
19960923	0.10
19960924	0.03
19960925	0.23
19960926	0.19
19960927	0.27
19960928	0.51
19960929	0.65
19960930	0.29
19961001	0.22
19961002	0.03
19961003	0.10
19961004	0.34
19961005	0.18
19961006	0.17
19961007	0.08
19961008	0.09
19961009	0.35
19961010	0.28
19961011	0.67
19961012	0.11
19961013	0.07
19961014	0.10
19961015	0.16
19961016	0.22
19961017	0.35
19961018	0.16
19961019	0.06
19961020	0.12
19961021	0.16
19961022	0.29
19961023	0.12
19961024	0.23
19961025	0.13
19961026	0.48
19961027	0.10
19961028	0.58
19961029	0.08
19961030	0.09
19961031	0.39
19961101	0.40
19961102	0.71
19961103	0.08
19961104	0.69
19961105	0.60
19961106	0.89
19961107	0.53
19961108	0.28
19961109	0.30
19961110	0.71
19961111	0.24
19961112	0.08
19961113	0.03
19961114	0.34
19961115	0.49
19961116	0.35
19961117	0.20
19961118	0.41
19961119	0.31
19961120	0.38
19961121	0.48
19961122	0.19
19961123	0.15
19961124	0.17
19961125	0.08
19961126	0.37
19961127	0.23
19961128	0.19
19961129	0.15
19961130	0.16
19961201	0.66
19961202	0.64
19961203	0.62
19961204	0.64
19961205	0.62
19961206	0.58
19961207	0.51
19961208	0.23
19961209	0.20
19961210	0.55
19961211	0.24
19961212	0.09
19961213	0.06
19961214	0.01
19961215	0.04
19961216	0.12
19961217	0.26
19961218	0.16
19961219	0.33
19961220	0.29
19961221	0.31
19961222	0.35
19961223	0.61
19961224	0.56
19961225	0.81
19961226	0.73
19961227	0.74
19961228	0.87
19961229	0.99
19961230	0.97
19961231	0.87
19970101	0.76
19970102	0.84
19970103	0.78
19970104	0.83
19970105	0.86
19970106	0.84
19970107	0.83
19970108	0.90
19970109	0.85
19970110	0.63
19970111	0.58
19970112	0.50
19970113	0.67
19970114	0.67
19970115	0.51
19970116	0.34
19970117	0.33
19970118	0.42
19970119	0.39
19970120	0.44
19970121	0.51
19970122	0.84
19970123	0.85
19970124	0.83
19970125	0.90
19970126	0.72
19970127	0.90
19970128	0.89
19970129	0.71
19970130	0.96
19970131	0.74
19970201	0.90
19970202	0.86
19970203	0.72
19970204	0.94
19970205	0.96
19970206	0.94
19970207	0.97
19970208	0.98
19970209	0.98
19970210	1.00
19970211	0.99
19970212	0.96
19970213	0.95
19970214	0.93
19970215	0.62
19970216	0.97
19970217	0.75
19970218	0.24
19970219	0.28
19970220	0.36
19970221	0.40
19970222	0.24
19970223	0.29
19970224	0.38
19970225	0.98
19970226	0.96
19970227	0.97
19970228	0.85
19970301	0.97
19970302	0.97
19970303	0.93
19970304	0.93
19970305	0.78
19970306	0.85
19970307	0.53
19970308	0.81
19970309	0.88
19970310	0.84
19970311	0.81
19970312	0.44
19970313	0.40
19970314	0.74
19970315	0.90
19970316	0.90
19970317	0.82
19970318	0.59
19970319	0.58
19970320	0.47
19970321	0.35
19970322	0.42
19970323	0.40
19970324	0.33
19970325	0.24
19970326	0.59
19970327	0.69
19970328	0.59
19970329	0.58
19970330	0.67
19970331	0.58
19970401	0.60
19970402	0.45
19970403	0.25
19970404	0.54
19970405	0.38
19970406	0.28
19970407	0.27
19970408	0.19
19970409	0.19
19970410	0.28
19970411	0.42
19970412	0.47
19970413	0.35
19970414	0.35
19970415	0.53
19970416	0.27
19970417	0.00
19970418	0.00
19970419	0.06
19970420	0.17
19970421	0.27
19970422	0.53
19970423	0.71
19970424	0.74
19970425	0.59
19970426	0.49
19970427	0.49
19970428	0.47
19970429	0.44
19970430	0.43
19970501	0.49
19970502	0.60
19970503	0.65
19970504	0.59
19970505	0.61
19970506	0.66
19970507	0.56
19970508	0.41
19970509	0.19
19970510	0.65
19970511	0.82
19970512	0.71
19970513	0.83
19970514	0.91
19970515	0.95
19970516	0.96
19970517	0.99
19970518	0.99
19970519	0.99
19970520	0.99
19970521	0.93
19970522	0.73
19970523	0.66
19970524	0.88
19970525	0.76
19970526	0.54
19970527	0.62
19970528	0.59
19970529	0.69
19970530	0.75
19970531	0.83
19970601	0.74
19970602	0.67
19970603	0.71
19970604	0.80
19970605	0.83
19970606	0.72
19970607	0.69
19970608	0.67
19970609	0.70
19970610	0.85
19970611	0.59
19970612	0.74
19970613	0.66
19970614	0.58
19970615	0.73
19970616	0.65
19970617	0.73
19970618	0.77
19970619	0.38
19970620	0.36
19970621	0.59
19970622	0.58
19970623	0.58
19970624	0.62
19970625	0.56
19970626	0.11
19970627	0.00
19970628	0.00
19970629	0.00
19970630	0.00
19970701	0.00
19970702	0.00
19970703	0.00
19970704	0.00
19970705	0.00
19970706	0.00
19970707	0.00
19970708	0.00
19970709	0.00
19970710	0.00
19970711	0.00
19970712	0.00
19970713	0.00
19970714	0.00
19970715	0.00
19970716	0.00
19970717	0.19
19970718	0.64
19970719	0.56
19970720	0.35
19970721	0.22
19970722	0.21
19970723	0.00
19970724	0.00
19970725	0.00
19970726	0.00
19970727	0.00
19970728	0.00
19970729	0.15
19970730	0.72
19970731	0.54
19970801	0.65
19970802	0.51
19970803	0.67
19970804	0.67
19970805	0.66
19970806	0.62
19970807	0.72
19970808	0.47
19970809	0.38
19970810	0.65
19970811	0.76
19970812	0.72
19970813	0.78
19970814	0.78
19970815	0.76
19970816	0.97
19970817	0.96
19970818	0.82
19970819	0.87
19970820	0.85
19970821	0.77
19970822	0.75
19970823	0.63
19970824	0.51
19970825	0.67
19970826	0.67
19970827	0.80
19970828	0.67
19970829	0.84
19970830	0.77
19970831	0.91
19970901	0.74
19970902	0.65
19970903	0.47
19970904	0.51
19970905	0.71
19970906	0.46
19970907	0.65
19970908	0.09
19970909	0.08
19970910	0.00
19970911	0.01
19970912	0.08
19970913	0.00
19970914	0.00
19970915	0.00
19970916	0.00
19970917	0.00
19970918	0.00
19970919	0.00
19970920	0.00
19970921	0.00
19970922	0.00
19970923	0.00
19970924	0.00
19970925	0.00
19970926	0.00
19970927	0.01
19970928	0.00
19970929	0.00
19970930	0.00
19971001	0.00
19971002	0.00
19971003	0.00
19971004	0.00
19971005	0.00
19971006	0.00
19971007	0.00
19971008	0.00
19971009	0.00
19971010	0.00
19971011	0.00
19971012	0.00
19971013	0.00
19971014	0.00
19971015	0.00
19971016	0.00
19971017	0.00
19971018	0.00
19971019	0.00
19971020	0.00
19971021	0.00
19971022	0.00
19971023	0.00
19971024	0.01
19971025	0.00
19971026	0.00
19971027	0.00
19971028	0.01
19971029	0.00
19971030	0.00
19971031	0.00
19971101	0.00
19971102	0.00
19971103	0.00
19971104	0.00
19971105	0.00
19971106	0.00
19971107	0.00
19971108	0.00
19971109	0.00
19971110	0.00
19971111	0.00
19971112	0.00
19971113	0.00
19971114	0.00
19971115	0.00
19971116	0.00
19971117	0.00
19971118	0.01
19971119	0.01
19971120	0.00
19971121	0.00
19971122	0.00
19971123	0.00
19971124	0.19
19971125	0.00
19971126	0.00
19971127	0.00
19971128	0.00
19971129	0.00
19971130	0.00
19971201	0.00
19971202	0.00
19971203	0.00
19971204	0.00
19971205	0.00
19971206	0.00
19971207	0.00
19971208	0.00
19971209	0.00
19971210	0.00
19971211	0.00
19971212	0.00
19971213	0.00
19971214	0.00
19971215	0.00
19971216	0.00
19971217	0.00
19971218	0.00
19971219	0.00
19971220	0.00
19971221	0.00
19971222	0.00
19971223	0.00
19971224	0.00
19971225	0.00
19971226	0.00
19971227	0.00
19971228	0.00
19971229	0.00
19971230	0.00
19971231	0.00
19980101	0.00
19980102	0.06
19980103	0.18
19980104	0.00
19980105	0.42
19980106	0.37
19980107	0.50
19980108	0.65
19980109	0.67
19980110	0.69
19980111	0.77
19980112	0.62
19980113	0.62
19980114	0.49
19980115	0.39
19980116	0.60
19980117	0.67
19980118	0.44
19980119	0.56
19980120	0.78
19980121	0.69
19980122	0.75
19980123	0.52
19980124	0.69
19980125	0.58
19980126	0.73
19980127	0.90
19980128	0.92
19980129	0.79
19980130	0.69
19980131	0.69
19980201	0.95
19980202	0.65
19980203	0.78
19980204	0.92
19980205	0.92
19980206	0.85
19980207	0.56
19980208	0.72
19980209	0.72
19980210	0.72
19980211	0.81
19980212	0.67
19980213	0.51
19980214	0.62
19980215	0.74
19980216	0.79
19980217	0.58
19980218	0.51
19980219	0.44
19980220	0.47
19980221	0.53
19980222	0.51
19980223	0.44
19980224	0.57
19980225	0.53
19980226	0.59
19980227	0.62
19980228	0.67
19980301	0.46
19980302	0.45
19980303	0.81
19980304	0.44
19980305	0.65
19980306	0.64
19980307	0.53
19980308	0.59
19980309	0.57
19980310	0.88
19980311	0.97
19980312	0.83
19980313	0.80
19980314	0.83
19980315	0.59
19980316	0.34
19980317	0.60
19980318	0.53
19980319	0.41
19980320	0.49
19980321	0.60
19980322	0.70
19980323	0.56
19980324	0.85
19980325	0.94
19980326	0.72
19980327	0.78
19980328	0.79
19980329	0.87
19980330	0.86
19980331	0.76
19980401	0.85
19980402	0.56
19980403	0.73
19980404	0.74
19980405	0.69
19980406	0.78
19980407	0.81
19980408	0.87
19980409	0.74
19980410	0.81
19980411	0.75
19980412	0.92
19980413	0.91
19980414	0.93
19980415	0.85
19980416	0.62
19980417	0.83
19980418	0.92
19980419	0.88
19980420	0.87
19980421	0.91
19980422	0.77
19980423	0.59
19980424	0.61
19980425	0.66
19980426	0.66
19980427	0.84
19980428	0.71
19980429	0.74
19980430	0.69
19980501	0.75
19980502	0.58
19980503	0.82
19980504	0.92
19980505	0.70
19980506	0.27
19980507	0.38
19980508	0.35
19980509	0.45
19980510	0.25
19980511	0.28
19980512	0.37
19980513	0.43
19980514	0.53
19980515	0.62
19980516	0.76
19980517	0.55
19980518	0.17
19980519	0.06
19980520	0.20
19980521	0.22
19980522	0.03
19980523	0.49
19980524	0.49
19980525	0.37
19980526	0.44
19980527	0.24
19980528	0.43
19980529	0.22
19980530	0.31
19980531	0.61
19980601	0.49
19980602	0.65
19980603	0.93
19980604	0.92
19980605	0.70
19980606	0.47
19980607	0.83
19980608	0.61
19980609	0.44
19980610	0.62
19980611	0.55
19980612	0.42
19980613	0.62
19980614	0.57
19980615	0.50
19980616	0.78
19980617	0.87
19980618	0.72
19980619	0.22
19980620	0.26
19980621	0.62
19980622	1.00
19980623	0.88
19980624	0.63
19980625	0.51
19980626	0.00
19980627	0.00
19980628	0.00
19980629	0.00
19980630	0.01
19980701	0.00
19980702	0.07
19980703	0.83
19980704	0.71
19980705	0.39
19980706	0.31
19980707	0.15
19980708	0.51
19980709	0.79
19980710	0.66
19980711	0.40
19980712	0.15
19980713	0.24
19980714	0.17
19980715	0.15
19980716	0.15
19980717	0.28
19980718	0.30
19980719	0.46
19980720	0.83
19980721	0.97
19980722	0.75
19980723	0.42
19980724	0.22
19980725	0.69
19980726	0.88
19980727	0.89
19980728	0.85
19980729	0.36
19980730	0.29
19980731	0.34
19980801	0.88
19980802	0.99
19980803	0.77
19980804	0.40
19980805	0.67
19980806	0.18
19980807	0.10
19980808	0.16
19980809	0.63
19980810	0.83
19980811	0.44
19980812	0.45
19980813	0.77
19980814	0.49
19980815	0.31
19980816	0.48
19980817	0.76
19980818	0.44
19980819	0.31
19980820	0.76
19980821	1.00
19980822	0.99
19980823	0.68
19980824	0.86
19980825	0.45
19980826	0.64
19980827	0.92
19980828	0.72
19980829	0.71
19980830	0.43
19980831	0.50
19980901	0.54
19980902	0.32
19980903	0.44
19980904	0.52
19980905	0.57
19980906	0.21
19980907	0.43
19980908	0.53
19980909	0.94
19980910	0.90
19980911	0.54
19980912	0.16
19980913	0.19
19980914	0.23
19980915	0.73
19980916	0.28
19980917	0.09
19980918	0.12
19980919	0.01
19980920	0.00
19980921	0.00
19980922	0.00
19980923	0.01
19980924	0.00
19980925	0.00
19980926	0.05
19980927	0.11
19980928	0.29
19980929	0.14
19980930	0.13
19981001	0.17
19981002	0.33
19981003	0.46
19981004	0.32
19981005	0.35
19981006	0.33
19981007	0.49
19981008	0.15
19981009	0.16
19981010	0.12
19981011	0.14
19981012	0.22
19981013	0.40
19981014	0.12
19981015	0.10
19981016	0.19
19981017	0.33
19981018	0.49
19981019	0.44
19981020	0.44
19981021	0.67
19981022	0.35
19981023	0.22
19981024	0.14
19981025	0.57
19981026	0.53
19981027	0.26
19981028	0.17
19981029	0.42
19981030	0.19
19981031	0.22
19981101	0.15
19981102	0.22
19981103	0.20
19981104	0.16
19981105	0.28
19981106	0.31
19981107	0.33
19981108	0.22
19981109	0.21
19981110	0.19
19981111	0.47
19981112	0.65
19981113	0.56
19981114	0.22
19981115	0.20
19981116	0.33
19981117	0.47
19981118	0.47
19981119	0.39
19981120	0.42
19981121	0.37
19981122	0.41
19981123	0.49
19981124	0.52
19981125	0.28
19981126	0.46
19981127	0.33
19981128	0.26
19981129	0.47
19981130	0.43
19981201	0.40
19981202	0.42
19981203	0.46
19981204	0.50
19981205	0.49
19981206	0.34
19981207	0.44
19981208	0.45
19981209	0.47
19981210	0.74
19981211	0.72
19981212	0.85
19981213	0.92
19981214	0.69
19981215	0.63
19981216	0.58
19981217	0.73
19981218	0.87
19981219	0.72
19981220	0.78
19981221	0.83
19981222	0.75
19981223	0.82
19981224	0.00
19981225	0.00
19981226	0.00
19981227	0.00
19981228	0.00
19981229	0.04
19981230	0.14
19981231	0.12
19990101	0.10
19990102	0.01
19990103	0.06
19990104	0.06
19990105	0.07
19990106	0.05
19990107	0.07
19990108	0.07
19990109	0.06
19990110	0.06
19990111	0.09
19990112	0.03
19990113	0.51
19990114	0.68
19990115	0.57
19990116	0.03
19990117	0.00
19990118	0.00
19990119	0.01
19990120	0.05
19990121	0.06
19990122	0.02
19990123	0.02
19990124	0.05
19990125	0.26
19990126	0.98
19990127	0.97
19990128	0.85
19990129	0.90
19990130	0.64
19990131	0.41
19990201	0.08
19990202	0.44
19990203	0.99
19990204	0.95
19990205	0.93
19990206	0.60
19990207	0.32
19990208	0.31
19990209	0.30
19990210	0.73
19990211	0.87
19990212	0.54
19990213	0.46
19990214	0.78
19990215	0.46
19990216	0.18
19990217	0.39
19990218	0.24
19990219	0.13
19990220	0.15
19990221	0.15
19990222	0.19
19990223	0.28
19990224	0.22
19990225	0.69
19990226	0.92
19990227	1.00
19990228	0.91
19990301	0.89
19990302	0.85
19990303	0.79
19990304	0.81
19990305	0.85
19990306	0.90
19990307	0.75
19990308	0.54
19990309	0.20
19990310	0.12
19990311	0.13
19990312	0.10
19990313	0.16
19990314	0.11
19990315	0.67
19990316	0.53
19990317	0.24
19990318	0.58
19990319	0.74
19990320	0.51
19990321	0.20
19990322	0.19
19990323	0.40
19990324	0.59
19990325	0.60
19990326	0.90
19990327	0.93
19990328	0.86
19990329	0.94
19990330	0.98
19990331	0.94
19990401	0.86
19990402	0.69
19990403	0.49
19990404	0.19
19990405	0.34
19990406	0.11
19990407	0.18
19990408	0.71
19990409	0.60
19990410	0.33
19990411	0.24
19990412	0.30
19990413	0.38
19990414	0.23
19990415	0.14
19990416	0.25
19990417	0.69
19990418	0.90
19990419	0.97
19990420	0.98
19990421	0.97
19990422	0.95
19990423	0.83
19990424	0.75
19990425	0.61
19990426	0.20
19990427	0.22
19990428	0.13
19990429	0.44
19990430	0.20
19990501	0.08
19990502	0.28
19990503	0.49
19990504	0.49
19990505	0.55
19990506	0.33
19990507	0.31
19990508	0.34
19990509	0.19
19990510	0.29
19990511	0.12
19990512	0.21
19990513	0.15
19990514	0.12
19990515	0.19
19990516	0.13
19990517	0.17
19990518	0.11
19990519	0.10
19990520	0.11
19990521	0.10
19990522	0.49
19990523	0.42
19990524	0.38
19990525	0.68
19990526	0.85
19990527	0.56
19990528	0.19
19990529	0.12
19990530	0.08
19990531	0.17
19990601	0.08
19990602	0.18
19990603	0.17
19990604	0.47
19990605	0.58
19990606	0.72
19990607	0.56
19990608	0.35
19990609	0.29
19990610	0.85
19990611	0.82
19990612	0.89
19990613	0.98
19990614	0.97
19990615	0.91
19990616	0.58
19990617	0.82
19990618	0.91
19990619	0.97
19990620	0.93
19990621	1.00
19990622	1.00
19990623	0.97
19990624	0.95
19990625	0.83
19990626	0.98
19990627	0.96
19990628	0.97
19990629	0.80
19990630	0.62
19990701	0.77
19990702	0.94
19990703	0.99
19990704	0.97
19990705	0.59
19990706	0.34
19990707	0.73
19990708	0.90
19990709	0.94
19990710	0.60
19990711	0.33
19990712	0.30
19990713	0.44
19990714	0.17
19990715	0.33
19990716	0.45
19990717	0.68
19990718	0.89
19990719	0.77
19990720	0.66
19990721	0.16
19990722	0.34
19990723	0.53
19990724	0.51
19990725	0.38
19990726	0.65
19990727	0.90
19990728	0.88
19990729	0.50
19990730	0.57
19990731	0.93
19990801	0.52
19990802	0.44
19990803	0.33
19990804	0.33
19990805	0.55
19990806	0.22
19990807	0.62
19990808	0.90
19990809	0.82
19990810	0.73
19990811	0.15
19990812	0.13
19990813	0.12
19990814	0.12
19990815	0.51
19990816	0.13
19990817	0.06
19990818	0.19
19990819	0.10
19990820	0.51
19990821	0.61
19990822	0.47
19990823	0.99
19990824	0.94
19990825	0.28
19990826	0.43
19990827	0.71
19990828	0.25
19990829	0.12
19990830	0.21
19990831	0.18
19990901	0.07
19990902	0.03
19990903	0.14
19990904	0.22
19990905	0.03
19990906	0.08
19990907	0.33
19990908	0.19
19990909	0.17
19990910	0.61
19990911	0.34
19990912	0.36
19990913	0.11
19990914	0.34
19990915	0.54
19990916	1.00
19990917	1.00
19990918	1.00
19990919	0.25
19990920	0.10
19990921	0.06
19990922	0.08
19990923	0.10
19990924	0.30
19990925	0.29
19990926	0.00
19990927	0.06
19990928	0.14
19990929	0.00
19990930	0.08
19991001	0.15
19991002	0.29
19991003	0.66
19991004	0.78
19991005	0.22
19991006	0.03
19991007	0.09
19991008	0.24
19991009	0.39
19991010	0.07
19991011	0.07
19991012	0.14
19991013	0.25
19991014	0.09
19991015	0.12
19991016	0.19
19991017	0.09
19991018	0.35
19991019	0.85
19991020	0.94
19991021	0.42
19991022	0.81
19991023	0.97
19991024	0.99
19991025	0.65
19991026	0.43
19991027	0.69
19991028	0.73
19991029	0.54
19991030	0.42
19991031	0.72
19991101	0.22
19991102	0.54
19991103	0.19
19991104	0.67
19991105	0.86
19991106	0.97
19991107	0.98
19991108	0.83
19991109	0.36
19991110	0.67
19991111	0.81
19991112	0.43
19991113	0.47
19991114	0.17
19991115	0.10
19991116	0.14
19991117	0.26
19991118	0.19
19991119	0.57
19991120	0.90
19991121	1.00
19991122	0.74
19991123	0.73
19991124	0.33
19991125	0.22
19991126	0.19
19991127	0.31
19991128	0.74
19991129	0.58
19991130	0.74
19991201	0.24
19991202	0.81
19991203	0.45
19991204	0.44
19991205	0.75
19991206	0.68
19991207	0.85
19991208	0.42
19991209	0.33
19991210	0.19
19991211	0.26
19991212	0.53
19991213	0.76
19991214	0.44
19991215	0.44
19991216	0.42
19991217	0.47
19991218	0.62
19991219	0.89
19991220	0.85
19991221	0.80
19991222	0.90
19991223	0.97
19991224	0.96
19991225	0.99
19991226	0.99
19991227	0.99
19991228	0.99
19991229	0.95
19991230	0.91
19991231	0.96
20000101	0.99
20000102	0.98
20000103	0.94
20000104	0.92
20000105	0.99
20000106	0.99
20000107	1.00
20000108	1.00
20000109	0.98
20000110	0.99
20000111	0.99
20000112	0.98
20000113	0.94
20000114	0.92
20000115	0.83
20000116	0.57
20000117	0.93
20000118	0.88
20000119	0.57
20000120	0.33
20000121	0.38
20000122	0.47
20000123	0.85
20000124	0.99
20000125	0.99
20000126	0.99
20000127	0.99
20000128	1.00
20000129	0.99
20000130	0.98
20000131	0.94
20000201	0.98
20000202	0.96
20000203	0.93
20000204	0.93
20000205	0.93
20000206	0.87
20000207	0.82
20000208	0.87
20000209	0.99
20000210	1.00
20000211	1.00
20000212	1.00
20000213	1.00
20000214	1.00
20000215	1.00
20000216	1.00
20000217	0.99
20000218	0.99
20000219	0.99
20000220	1.00
20000221	1.00
20000222	0.99
20000223	1.00
20000224	0.98
20000225	0.98
20000226	0.72
20000227	0.83
20000228	0.71
20000229	0.99
20000301	0.95
20000302	0.46
20000303	0.58
20000304	0.60
20000305	0.66
20000306	0.56
20000307	0.58
20000308	0.48
20000309	0.40
20000310	0.54
20000311	0.88
20000312	0.98
20000313	0.87
20000314	0.96
20000315	0.88
20000316	0.94
20000317	0.45
20000318	1.00
20000319	0.90
20000320	0.59
20000321	0.86
20000322	0.56
20000323	0.25
20000324	0.31
20000325	0.42
20000326	0.19
20000327	0.28
20000328	0.61
20000329	0.97
20000330	0.85
20000331	0.83
20000401	0.85
20000402	0.78
20000403	0.68
20000404	0.77
20000405	0.99
20000406	1.00
20000407	0.46
20000408	0.00
20000409	0.00
20000410	0.00
20000411	0.00
20000412	0.00
20000413	0.00
20000414	0.35
20000415	0.96
20000416	0.98
20000417	0.97
20000418	1.00
20000419	1.00
20000420	0.87
20000421	0.60
20000422	0.75
20000423	0.82
20000424	0.87
20000425	0.95
20000426	0.49
20000427	1.00
20000428	0.95
20000429	0.95
20000430	0.94
20000501	0.96
20000502	0.99
20000503	0.99
20000504	0.95
20000505	0.89
20000506	0.94
20000507	0.86
20000508	0.76
20000509	0.81
20000510	0.76
20000511	0.65
20000512	0.56
20000513	0.80
20000514	0.93
20000515	0.89
20000516	0.95
20000517	0.93
20000518	0.69
20000519	0.81
20000520	0.78
20000521	0.74
20000522	0.62
20000523	0.65
20000524	0.69
20000525	0.87
20000526	0.95
20000527	0.97
20000528	0.97
20000529	0.95
20000530	0.97
20000531	0.99
20000601	0.98
20000602	0.97
20000603	1.00
20000604	0.97
20000605	0.98
20000606	0.92
20000607	0.94
20000608	0.92
20000609	0.90
20000610	0.67
20000611	0.85
20000612	0.98
20000613	0.97
20000614	0.94
20000615	0.93
20000616	0.93
20000617	0.99
20000618	1.00
20000619	1.00
20000620	0.96
20000621	0.91
20000622	0.82
20000623	0.41
20000624	0.90
20000625	0.85
20000626	0.92
20000627	0.95
20000628	0.94
20000629	0.94
20000630	0.97
20000701	0.89
20000702	0.86
20000703	0.94
20000704	0.84
20000705	0.66
20000706	0.35
20000707	0.60
20000708	0.73
20000709	0.78
20000710	0.93
20000711	0.85
20000712	0.91
20000713	0.78
20000714	0.60
20000715	0.67
20000716	0.62
20000717	0.90
20000718	0.93
20000719	0.89
20000720	0.83
20000721	0.88
20000722	0.49
20000723	0.51
20000724	0.50
20000725	0.76
20000726	0.90
20000727	0.97
20000728	0.99
20000729	0.50
20000730	0.93
20000731	0.91
20000801	0.95
20000802	0.87
20000803	0.94
20000804	0.99
20000805	0.96
20000806	0.94
20000807	0.99
20000808	0.99
20000809	0.94
20000810	1.00
20000811	0.98
20000812	0.85
20000813	0.95
20000814	0.90
20000815	0.95
20000816	1.00
20000817	0.99
20000818	0.99
20000819	0.93
20000820	0.86
20000821	0.90
20000822	0.95
20000823	0.81
20000824	0.86
20000825	0.88
20000826	0.74
20000827	0.90
20000828	0.82
20000829	0.80
20000830	0.93
20000831	0.81
20000901	0.68
20000902	0.81
20000903	0.87
20000904	1.00
20000905	0.94
20000906	0.92
20000907	0.88
20000908	0.89
20000909	0.76
20000910	0.64
20000911	0.65
20000912	0.64
20000913	0.49
20000914	0.58
20000915	0.86
20000916	0.79
20000917	0.88
20000918	0.89
20000919	0.78
20000920	0.58
20000921	0.65
20000922	0.83
20000923	0.80
20000924	0.87
20000925	0.92
20000926	0.94
20000927	0.86
20000928	1.00
20000929	0.97
20000930	0.69
20001001	0.85
20001002	0.82
20001003	0.78
20001004	0.78
20001005	0.85
20001006	0.51
20001007	0.53
20001008	0.60
20001009	0.60
20001010	0.60
20001011	0.87
20001012	0.95
20001013	0.97
20001014	0.84
20001015	0.71
20001016	0.85
20001017	0.85
20001018	0.78
20001019	0.71
20001020	0.56
20001021	0.74
20001022	0.62
20001023	0.61
20001024	0.42
20001025	0.34
20001026	0.44
20001027	0.94
20001028	0.90
20001029	0.81
20001030	0.83
20001031	0.60
20001101	0.42
20001102	0.41
20001103	0.42
20001104	0.65
20001105	0.47
20001106	0.31
20001107	0.34
20001108	0.53
20001109	0.61
20001110	0.60
20001111	0.40
20001112	0.40
20001113	0.41
20001114	0.69
20001115	0.90
20001116	0.96
20001117	0.93
20001118	0.94
20001119	0.91
20001120	0.93
20001121	0.82
20001122	0.99
20001123	0.97
20001124	0.89
20001125	0.97
20001126	0.99
20001127	0.98
20001128	0.99
20001129	0.99
20001130	1.00
20001201	0.97
20001202	0.90
20001203	0.90
20001204	0.90
20001205	0.89
20001206	0.91
20001207	0.85
20001208	0.87
20001209	0.94
20001210	0.92
20001211	0.92
20001212	0.91
20001213	0.96
20001214	0.97
20001215	0.98
20001216	0.98
20001217	1.00
20001218	0.98
20001219	0.97
20001220	0.97
20001221	1.00
20001222	0.99
20001223	0.99
20001224	0.96
20001225	0.99
20001226	0.95
20001227	0.89
20001228	0.92
20001229	0.97
20001230	0.97
20001231	0.91
20010101	0.92
20010102	0.92
20010103	0.96
20010104	0.96
20010105	0.94
20010106	0.89
20010107	0.95
20010108	0.96
20010109	0.97
20010110	0.94
20010111	0.94
20010112	0.93
20010113	0.87
20010114	0.92
20010115	0.94
20010116	0.90
20010117	0.87
20010118	0.90
20010119	0.90
20010120	0.95
20010121	0.96
20010122	0.97
20010123	0.99
20010124	0.99
20010125	0.90
20010126	0.99
20010127	0.92
20010128	0.92
20010129	0.86
20010130	0.80
20010131	0.85
20010201	0.91
20010202	0.99
20010203	1.00
20010204	0.99
20010205	0.98
20010206	0.99
20010207	0.99
20010208	0.98
20010209	1.00
20010210	0.94
20010211	0.97
20010212	0.99
20010213	0.98
20010214	0.99
20010215	0.96
20010216	0.53
20010217	0.00
20010218	0.00
20010219	0.00
20010220	0.00
20010221	0.00
20010222	0.00
20010223	0.00
20010224	0.00
20010225	0.00
20010226	0.00
20010227	0.00
20010228	0.00
20010301	0.00
20010302	0.00
20010303	0.00
20010304	0.00
20010305	0.00
20010306	0.00
20010307	0.00
20010308	0.00
20010309	0.00
20010310	0.00
20010311	0.00
20010312	0.00
20010313	0.00
20010314	0.00
20010315	0.00
20010316	0.00
20010317	0.00
20010318	0.00
20010319	0.00
20010320	0.00
20010321	0.00
20010322	0.00
20010323	0.00
20010324	0.00
20010325	0.00
20010326	0.00
20010327	0.00
20010328	0.00
20010329	0.00
20010330	0.00
20010331	0.00
20010401	0.00
20010402	0.00
20010403	0.00
20010404	0.00
20010405	0.00
20010406	0.00
20010407	0.00
20010408	0.00
20010409	0.00
20010410	0.00
20010411	0.00
20010412	0.00
20010413	0.00
20010414	0.00
20010415	0.00
20010416	0.00
20010417	0.00
20010418	0.00
20010419	0.00
20010420	0.00
20010421	0.00
20010422	0.00
20010423	0.00
20010424	0.00
20010425	0.00
20010426	0.00
20010427	0.00
20010428	0.00
20010429	0.00
20010430	0.00
20010501	0.00
20010502	0.00
20010503	0.00
20010504	0.00
20010505	0.00
20010506	0.00
20010507	0.00
20010508	0.00
20010509	0.00
20010510	0.00
20010511	0.00
20010512	0.00
20010513	0.00
20010514	0.00
20010515	0.00
20010516	0.00
20010517	0.00
20010518	0.00
20010519	0.00
20010520	0.00
20010521	0.00
20010522	0.00
20010523	0.00
20010524	0.00
20010525	0.00
20010526	0.00
20010527	0.00
20010528	0.00
20010529	0.00
20010530	0.00
20010531	0.00
20010601	0.00
20010602	0.00
20010603	0.00
20010604	0.00
20010605	0.00
20010606	0.00
20010607	0.00
20010608	0.00
20010609	0.00
20010610	0.00
20010611	0.00
20010612	0.00
20010613	0.00
20010614	0.00
20010615	0.00
20010616	0.00
20010617	0.00
20010618	0.00
20010619	0.00
20010620	0.00
20010621	0.00
20010622	0.00
20010623	0.00
20010624	0.00
20010625	0.00
20010626	0.00
20010627	0.00
20010628	0.00
20010629	0.00
20010630	0.00
20010701	0.00
20010702	0.00
20010703	0.00
20010704	0.00
20010705	0.00
20010706	0.00
20010707	0.00
20010708	0.00
20010709	0.00
20010710	0.00
20010711	0.00
20010712	0.00
20010713	0.00
20010714	0.00
20010715	0.00
20010716	0.00
20010717	0.00
20010718	0.00
20010719	0.00
20010720	0.00
20010721	0.00
20010722	0.00
20010723	0.00
20010724	0.00
20010725	0.00
20010726	0.00
20010727	0.00
20010728	0.00
20010729	0.00
20010730	0.00
20010731	0.00
20010801	0.00
20010802	0.00
20010803	0.00
20010804	0.00
20010805	0.00
20010806	0.00
20010807	0.00
20010808	0.00
20010809	0.00
20010810	0.00
20010811	0.00
20010812	0.00
20010813	0.00
20010814	0.00
20010815	0.00
20010816	0.00
20010817	0.00
20010818	0.00
20010819	0.00
20010820	0.00
20010821	0.00
20010822	0.00
20010823	0.00
20010824	0.00
20010825	0.00
20010826	0.00
20010827	0.00
20010828	0.00
20010829	0.00
20010830	0.00
20010831	0.00
20010901	0.00
20010902	0.00
20010903	0.00
20010904	0.00
20010905	0.00
20010906	0.00
20010907	0.00
20010908	0.00
20010909	0.00
20010910	0.00
20010911	0.00
20010912	0.00
20010913	0.00
20010914	0.00
20010915	0.00
20010916	0.00
20010917	0.00
20010918	0.00
20010919	0.00
20010920	0.00
20010921	0.00
20010922	0.00
20010923	0.00
20010924	0.00
20010925	0.00
20010926	0.00
20010927	0.00
20010928	0.00
20010929	0.00
20010930	0.00
20011001	0.00
20011002	0.00
20011003	0.00
20011004	0.00
20011005	0.00
20011006	0.00
20011007	0.00
20011008	0.00
20011009	0.00
20011010	0.00
20011011	0.00
20011012	0.00
20011013	0.00
20011014	0.00
20011015	0.00
20011016	0.00
20011017	0.00
20011018	0.00
20011019	0.00
20011020	0.00
20011021	0.00
20011022	0.00
20011023	0.00
20011024	0.00
20011025	0.00
20011026	0.00
20011027	0.00
20011028	0.00
20011029	0.00
20011030	0.00
20011031	0.00
20011101	0.00
20011102	0.00
20011103	0.00
20011104	0.00
20011105	0.00
20011106	0.00
20011107	0.00
20011108	0.00
20011109	0.00
20011110	0.00
20011111	0.00
20011112	0.00
20011113	0.00
20011114	0.00
20011115	0.00
20011116	0.00
20011117	0.00
20011118	0.00
20011119	0.00
20011120	0.00
20011121	0.00
20011122	0.00
20011123	0.00
20011124	0.00
20011125	0.00
20011126	0.00
20011127	0.00
20011128	0.00
20011129	0.00
20011130	0.00
20011201	0.00
20011202	0.00
20011203	0.00
20011204	0.00
20011205	0.00
20011206	0.00
20011207	0.00
20011208	0.00
20011209	0.00
20011210	0.00
20011211	0.00
20011212	0.00
20011213	0.00
20011214	0.00
20011215	0.00
20011216	0.00
20011217	0.00
20011218	0.00
20011219	0.00
20011220	0.00
20011221	0.00
20011222	0.00
20011223	0.00
20011224	0.00
20011225	0.00
20011226	0.00
20011227	0.00
20011228	0.00
20011229	0.00
20011230	0.00
20011231	0.00
20020101	0.00
20020102	0.00
20020103	0.00
20020104	0.00
20020105	0.00
20020106	0.00
20020107	0.00
20020108	0.00
20020109	0.00
20020110	0.00
20020111	0.00
20020112	0.00
20020113	0.00
20020114	0.00
20020115	0.00
20020116	0.00
20020117	0.00
20020118	0.00
20020119	0.00
20020120	0.00
20020121	0.00
20020122	0.00
20020123	0.00
20020124	0.00
20020125	0.00
20020126	0.00
20020127	0.00
20020128	0.00
20020129	0.00
20020130	0.00
20020131	0.00
20020201	0.00
20020202	0.00
20020203	0.00
20020204	0.00
20020205	0.00
20020206	0.00
20020207	0.00
20020208	0.00
20020209	0.00
20020210	0.00
20020211	0.00
20020212	0.00
20020213	0.00
20020214	0.00
20020215	0.00
20020216	0.00
20020217	0.00
20020218	0.00
20020219	0.00
20020220	0.00
20020221	0.00
20020222	0.00
20020223	0.00
20020224	0.00
20020225	0.00
20020226	0.00
20020227	0.00
20020228	0.00
20020301	0.00
20020302	0.00
20020303	0.00
20020304	0.00
20020305	0.00
20020306	0.00
20020307	0.00
20020308	0.00
20020309	0.00
20020310	0.00
20020311	0.00
20020312	0.00
20020313	0.00
20020314	0.00
20020315	0.00
20020316	0.00
20020317	0.00
20020318	0.00
20020319	0.00
20020320	0.00
20020321	0.00
20020322	0.00
20020323	0.00
20020324	0.00
20020325	0.00
20020326	0.00
20020327	0.00
20020328	0.00
20020329	0.00
20020330	0.00
20020331	0.00
20020401	0.00
20020402	0.00
20020403	0.00
20020404	0.00
20020405	0.00
20020406	0.00
20020407	0.00
20020408	0.00
20020409	0.00
20020410	0.00
20020411	0.00
20020412	0.00
20020413	0.00
20020414	0.00
20020415	0.00
20020416	0.00
20020417	0.00
20020418	0.00
20020419	0.00
20020420	0.00
20020421	0.00
20020422	0.00
20020423	0.00
20020424	0.00
20020425	0.00
20020426	0.00
20020427	0.00
20020428	0.00
20020429	0.00
20020430	0.00
20020501	0.00
20020502	0.00
20020503	0.00
20020504	0.00
20020505	0.00
20020506	0.00
20020507	0.00
20020508	0.00
20020509	0.00
20020510	0.00
20020511	0.00
20020512	0.00
20020513	0.00
20020514	0.00
20020515	0.00
20020516	0.00
20020517	0.00
20020518	0.00
20020519	0.00
20020520	0.00
20020521	0.00
20020522	0.00
20020523	0.00
20020524	0.00
20020525	0.00
20020526	0.00
20020527	0.00
20020528	0.00
20020529	0.00
20020530	0.00
20020531	0.00
20020601	0.00
20020602	0.00
20020603	0.00
20020604	0.00
20020605	0.00
20020606	0.00
20020607	0.00
20020608	0.00
20020609	0.00
20020610	0.00
20020611	0.00
20020612	0.00
20020613	0.00
20020614	0.00
20020615	0.00
20020616	0.00
20020617	0.00
20020618	0.00
20020619	0.00
20020620	0.00
20020621	0.00
20020622	0.00
20020623	0.00
20020624	0.00
20020625	0.00
20020626	0.00
20020627	0.00
20020628	0.00
20020629	0.00
20020630	0.00
20020701	0.00
20020702	0.00
20020703	0.00
20020704	0.00
20020705	0.00
20020706	0.00
20020707	0.00
20020708	0.00
20020709	0.00
20020710	0.00
20020711	0.00
20020712	0.00
20020713	0.00
20020714	0.00
20020715	0.00
20020716	0.00
20020717	0.00
20020718	0.00
20020719	0.00
20020720	0.00
20020721	0.00
20020722	0.00
20020723	0.00
20020724	0.00
20020725	0.00
20020726	0.00
20020727	0.00
20020728	0.00
20020729	0.00
20020730	0.00
20020731	0.00
20020801	0.00
20020802	0.00
20020803	0.00
20020804	0.00
20020805	0.00
20020806	0.00
20020807	0.00
20020808	0.00
20020809	0.00
20020810	0.00
20020811	0.00
20020812	0.00
20020813	0.00
20020814	0.00
20020815	0.00
20020816	0.00
20020817	0.00
20020818	0.00
20020819	0.00
20020820	0.00
20020821	0.00
20020822	0.00
20020823	0.00
20020824	0.00
20020825	0.00
20020826	0.00
20020827	0.00
20020828	0.00
20020829	0.00
20020830	0.00
20020831	0.00
20020901	0.00
20020902	0.00
20020903	0.00
20020904	0.00
20020905	0.00
20020906	0.00
20020907	0.00
20020908	0.00
20020909	0.00
20020910	0.00
20020911	0.00
20020912	0.00
20020913	0.00
20020914	0.00
20020915	0.00
20020916	0.00
20020917	0.00
20020918	0.00
20020919	0.00
20020920	0.00
20020921	0.00
20020922	0.00
20020923	0.00
20020924	0.00
20020925	0.00
20020926	0.00
20020927	0.00
20020928	0.00
20020929	0.00
20020930	0.00
20021001	0.00
20021002	0.00
20021003	0.00
20021004	0.00
20021005	0.00
20021006	0.00
20021007	0.00
20021008	0.00
20021009	0.00
20021010	0.00
20021011	0.00
20021012	0.00
20021013	0.00
20021014	0.00
20021015	0.00
20021016	0.00
20021017	0.00
20021018	0.00
20021019	0.00
20021020	0.00
20021021	0.00
20021022	0.00
20021023	0.00
20021024	0.00
20021025	0.00
20021026	0.00
20021027	0.00
20021028	0.00
20021029	0.00
20021030	0.00
20021031	0.00
20021101	0.00
20021102	0.00
20021103	0.00
20021104	0.00
20021105	0.00
20021106	0.00
20021107	0.00
20021108	0.00
20021109	0.00
20021110	0.00
20021111	0.00
20021112	0.00
20021113	0.00
20021114	0.00
20021115	0.00
20021116	0.00
20021117	0.00
20021118	0.00
20021119	0.00
20021120	0.00
20021121	0.00
20021122	0.00
20021123	0.00
20021124	0.00
20021125	0.00
20021126	0.00
20021127	0.00
20021128	0.00
20021129	0.00
20021130	0.00
20021201	0.00
20021202	0.00
20021203	0.00
20021204	0.00
20021205	0.00
20021206	0.00
20021207	0.00
20021208	0.00
20021209	0.00
20021210	0.00
20021211	0.00
20021212	0.00
20021213	0.00
20021214	0.00
20021215	0.00
20021216	0.00
20021217	0.00
20021218	0.00
20021219	0.00
20021220	0.00
20021221	0.00
20021222	0.00
20021223	0.00
20021224	0.00
20021225	0.00
20021226	0.00
20021227	0.00
20021228	0.00
20021229	0.00
20021230	0.00
20021231	0.00
20030101	0.00
20030102	0.00
20030103	0.00
20030104	0.00
20030105	0.00
20030106	0.00
20030107	0.00
20030108	0.00
20030109	0.00
20030110	0.00
20030111	0.00
20030112	0.00
20030113	0.00
20030114	0.00
20030115	0.00
20030116	0.00
20030117	0.00
20030118	0.00
20030119	0.00
20030120	0.00
20030121	0.00
20030122	0.00
20030123	0.00
20030124	0.00
20030125	0.00
20030126	0.00
20030127	0.00
20030128	0.00
20030129	0.00
20030130	0.00
20030131	0.00
20030201	0.00
20030202	0.00
20030203	0.00
20030204	0.00
20030205	0.00
20030206	0.00
20030207	0.00
20030208	0.00
20030209	0.00
20030210	0.00
20030211	0.00
20030212	0.00
20030213	0.00
20030214	0.00
20030215	0.00
20030216	0.00
20030217	0.00
20030218	0.00
20030219	0.00
20030220	0.00
20030221	0.00
20030222	0.00
20030223	0.00
20030224	0.00
20030225	0.00
20030226	0.00
20030227	0.00
20030228	0.00
20030301	0.00
20030302	0.00
20030303	0.00
20030304	0.00
20030305	0.00
20030306	0.00
20030307	0.00
20030308	0.00
20030309	0.00
20030310	0.00
20030311	0.00
20030312	0.00
20030313	0.00
20030314	0.00
20030315	0.00
20030316	0.00
20030317	0.00
20030318	0.00
20030319	0.00
20030320	0.00
20030321	0.00
20030322	0.00
20030323	0.00
20030324	0.00
20030325	0.00
20030326	0.00
20030327	0.00
20030328	0.00
20030329	0.00
20030330	0.00
20030331	0.00
20030401	0.00
20030402	0.00
20030403	0.00
20030404	0.00
20030405	0.00
20030406	0.00
20030407	0.00
20030408	0.00
20030409	0.00
20030410	0.00
20030411	0.00
20030412	0.00
20030413	0.00
20030414	0.00
20030415	0.00
20030416	0.00
20030417	0.00
20030418	0.00
20030419	0.00
20030420	0.00
20030421	0.00
20030422	0.00
20030423	0.00
20030424	0.00
20030425	0.00
20030426	0.00
20030427	0.00
20030428	0.00
20030429	0.00
20030430	0.00
20030501	0.00
20030502	0.00
20030503	0.00
20030504	0.00
20030505	0.00
20030506	0.00
20030507	0.00
20030508	0.00
20030509	0.00
20030510	0.00
20030511	0.00
20030512	0.00
20030513	0.00
20030514	0.00
20030515	0.00
20030516	0.00
20030517	0.00
20030518	0.00
20030519	0.00
20030520	0.00
20030521	0.00
20030522	0.00
20030523	0.00
20030524	0.00
20030525	0.00
20030526	0.00
20030527	0.00
20030528	0.00
20030529	0.00
20030530	0.00
20030531	0.00
20030601	0.00
20030602	0.00
20030603	0.00
20030604	0.00
20030605	0.00
20030606	0.00
20030607	0.00
20030608	0.00
20030609	0.00
20030610	0.00
20030611	0.00
20030612	0.00
20030613	0.00
20030614	0.00
20030615	0.00
20030616	0.00
20030617	0.00
20030618	0.00
20030619	0.00
20030620	0.00
20030621	0.00
20030622	0.00
20030623	0.00
20030624	0.00
20030625	0.00
20030626	0.00
20030627	0.00
20030628	0.00
20030629	0.00
20030630	0.00
20030701	0.00
20030702	0.00
20030703	0.00
20030704	0.00
20030705	0.00
20030706	0.00
20030707	0.00
20030708	0.00
20030709	0.00
20030710	0.00
20030711	0.00
20030712	0.00
20030713	0.00
20030714	0.00
20030715	0.00
20030716	0.00
20030717	0.00
20030718	0.00
20030719	0.00
20030720	0.00
20030721	0.00
20030722	0.00
20030723	0.00
20030724	0.00
20030725	0.00
20030726	0.00
20030727	0.00
20030728	0.00
20030729	0.00
20030730	0.00
20030731	0.00
20030801	0.00
20030802	0.00
20030803	0.00
20030804	0.00
20030805	0.00
20030806	0.00
20030807	0.00
20030808	0.00
20030809	0.00
20030810	0.00
20030811	0.00
20030812	0.00
20030813	0.00
20030814	0.00
20030815	0.00
20030816	0.00
20030817	0.00
20030818	0.00
20030819	0.00
20030820	0.00
20030821	0.00
20030822	0.00
20030823	0.00
20030824	0.00
20030825	0.00
20030826	0.00
20030827	0.00
20030828	0.00
20030829	0.00
20030830	0.00
20030831	0.00
20030901	0.00
20030902	0.00
20030903	0.00
20030904	0.00
20030905	0.00
20030906	0.00
20030907	0.00
20030908	0.00
20030909	0.00
20030910	0.00
20030911	0.00
20030912	0.00
20030913	0.00
20030914	0.00
20030915	0.00
20030916	0.00
20030917	0.00
20030918	0.00
20030919	0.00
20030920	0.00
20030921	0.00
20030922	0.00
20030923	0.00
20030924	0.00
20030925	0.00
20030926	0.00
20030927	0.00
20030928	0.00
20030929	0.00
20030930	0.00
20031001	0.00
20031002	0.00
20031003	0.00
20031004	0.00
20031005	0.00
20031006	0.00
20031007	0.00
20031008	0.00
20031009	0.00
20031010	0.00
20031011	0.00
20031012	0.00
20031013	0.00
20031014	0.00
20031015	0.00
20031016	0.00
20031017	0.00
20031018	0.00
20031019	0.00
20031020	0.00
20031021	0.00
20031022	0.00
20031023	0.00
20031024	0.00
20031025	0.00
20031026	0.00
20031027	0.00
20031028	0.00
20031029	0.00
20031030	0.00
20031031	0.00
20031101	0.00
20031102	0.00
20031103	0.00
20031104	0.00
20031105	0.00
20031106	0.00
20031107	0.00
20031108	0.00
20031109	0.00
20031110	0.00
20031111	0.00
20031112	0.00
20031113	0.00
20031114	0.00
20031115	0.00
20031116	0.00
20031117	0.00
20031118	0.00
20031119	0.00
20031120	0.00
20031121	0.00
20031122	0.00
20031123	0.00
20031124	0.00
20031125	0.00
20031126	0.00
20031127	0.00
20031128	0.00
20031129	0.00
20031130	0.00
20031201	0.00
20031202	0.00
20031203	0.00
20031204	0.00
20031205	0.00
20031206	0.00
20031207	0.00
20031208	0.00
20031209	0.00
20031210	0.00
20031211	0.00
20031212	0.00
20031213	0.00
20031214	0.00
20031215	0.00
20031216	0.00
20031217	0.00
20031218	0.00
20031219	0.00
20031220	0.00
20031221	0.00
20031222	0.00
20031223	0.00
20031224	0.00
20031225	0.00
20031226	0.00
20031227	0.00
20031228	0.00
20031229	0.00
20031230	0.00
20031231	0.00
20040101	0.00
20040102	0.00
20040103	0.00
20040104	0.00
20040105	0.00
20040106	0.00
20040107	0.00
20040108	0.00
20040109	0.00
20040110	0.00
