date	MGHZ
19950728	0.24
19950729	0.14
19950730	0.24
19950731	0.11
19950801	0.26
19950802	0.32
19950803	0.16
19950804	0.10
19950805	0.46
19950806	0.52
19950807	0.36
19950808	0.45
19950809	0.29
19950810	0.22
19950811	0.20
19950812	0.30
19950813	0.76
19950814	0.60
19950815	0.25
19950816	0.26
19950817	0.23
19950818	0.16
19950819	0.19
19950820	0.35
19950821	0.35
19950822	0.16
19950823	0.12
19950824	0.14
19950825	0.15
19950826	0.22
19950827	0.21
19950828	0.14
19950829	0.11
19950830	0.14
19950831	0.24
19950901	0.16
19950902	0.24
19950903	0.25
19950904	0.12
19950905	0.16
19950906	0.61
19950907	0.53
19950908	0.25
19950909	0.39
19950910	0.28
19950911	0.26
19950912	0.31
19950913	0.08
19950914	0.17
19950915	0.51
19950916	0.38
19950917	0.46
19950918	0.17
19950919	0.08
19950920	0.15
19950921	0.16
19950922	0.23
19950923	0.36
19950924	0.33
19950925	0.65
19950926	0.69
19950927	0.12
19950928	0.08
19950929	0.06
19950930	0.10
19951001	0.19
19951002	0.15
19951003	0.06
19951004	0.13
19951005	0.08
19951006	0.18
19951007	0.10
19951008	0.11
19951009	0.17
19951010	0.03
19951011	0.08
19951012	0.15
19951013	0.06
19951014	0.10
19951015	0.06
19951016	0.05
19951017	0.15
19951018	0.24
19951019	0.34
19951020	0.16
19951021	0.18
19951022	0.19
19951023	0.30
19951024	0.31
19951025	0.16
19951026	0.02
19951027	0.00
19951028	0.00
19951029	0.00
19951030	0.00
19951031	0.06
19951101	0.22
19951102	0.06
19951103	0.18
19951104	0.22
19951105	0.24
19951106	0.26
19951107	0.31
19951108	0.47
19951109	0.15
19951110	0.14
19951111	0.32
19951112	0.34
19951113	0.81
19951114	0.56
19951115	0.99
19951116	0.45
19951117	0.28
19951118	0.16
19951119	0.18
19951120	0.76
19951121	0.33
19951122	0.63
19951123	0.10
19951124	0.40
19951125	0.38
19951126	0.29
19951127	0.22
19951128	0.22
19951129	0.26
19951130	0.06
19951201	0.06
19951202	0.08
19951203	0.12
19951204	0.10
19951205	0.21
19951206	0.46
19951207	0.48
19951208	0.17
19951209	0.16
19951210	0.17
19951211	0.28
19951212	0.07
19951213	0.29
19951214	0.22
19951215	0.23
19951216	0.22
19951217	0.26
19951218	0.19
19951219	0.34
19951220	0.22
19951221	0.29
19951222	0.25
19951223	0.28
19951224	0.19
19951225	0.18
19951226	0.46
19951227	0.29
19951228	0.22
19951229	0.36
19951230	0.28
19951231	0.17
19960101	0.86
19960102	1.00
19960103	0.99
19960104	1.00
19960105	1.00
19960106	1.00
19960107	0.97
19960108	1.00
19960109	1.00
19960110	0.18
19960111	0.00
19960112	0.08
19960113	1.00
19960114	1.00
19960115	1.00
19960116	1.00
19960117	1.00
19960118	0.96
19960119	1.00
19960120	1.00
19960121	1.00
19960122	1.00
19960123	1.00
19960124	0.99
19960125	0.92
19960126	0.99
19960127	1.00
19960128	1.00
19960129	1.00
19960130	1.00
19960131	0.98
19960201	1.00
19960202	1.00
19960203	1.00
19960204	1.00
19960205	1.00
19960206	1.00
19960207	0.97
19960208	1.00
19960209	1.00
19960210	1.00
19960211	1.00
19960212	1.00
19960213	1.00
19960214	1.00
19960215	1.00
19960216	1.00
19960217	1.00
19960218	1.00
19960219	1.00
19960220	1.00
19960221	1.00
19960222	1.00
19960223	1.00
19960224	1.00
19960225	1.00
19960226	1.00
19960227	1.00
19960228	1.00
19960229	1.00
19960301	1.00
19960302	1.00
19960303	1.00
19960304	1.00
19960305	1.00
19960306	1.00
19960307	1.00
19960308	1.00
19960309	1.00
19960310	1.00
19960311	1.00
19960312	1.00
19960313	1.00
19960314	1.00
19960315	1.00
19960316	1.00
19960317	1.00
19960318	1.00
19960319	1.00
19960320	1.00
19960321	1.00
19960322	1.00
19960323	1.00
19960324	1.00
19960325	1.00
19960326	1.00
19960327	1.00
19960328	1.00
19960329	1.00
19960330	1.00
19960331	0.99
19960401	0.99
19960402	1.00
19960403	1.00
19960404	1.00
19960405	1.00
19960406	1.00
19960407	1.00
19960408	1.00
19960409	1.00
19960410	1.00
19960411	1.00
19960412	1.00
19960413	0.99
19960414	1.00
19960415	1.00
19960416	1.00
19960417	1.00
19960418	0.99
19960419	1.00
19960420	1.00
19960421	1.00
19960422	1.00
19960423	1.00
19960424	1.00
19960425	1.00
19960426	1.00
19960427	1.00
19960428	1.00
19960429	1.00
19960430	1.00
19960501	1.00
19960502	1.00
19960503	1.00
19960504	1.00
19960505	1.00
19960506	1.00
19960507	1.00
19960508	1.00
19960509	1.00
19960510	1.00
19960511	1.00
19960512	1.00
19960513	0.99
19960514	1.00
19960515	1.00
19960516	1.00
19960517	1.00
19960518	1.00
19960519	1.00
19960520	1.00
19960521	1.00
19960522	1.00
19960523	1.00
19960524	1.00
19960525	1.00
19960526	1.00
19960527	1.00
19960528	1.00
19960529	1.00
19960530	1.00
19960531	1.00
19960601	1.00
19960602	1.00
19960603	1.00
19960604	0.99
19960605	1.00
19960606	1.00
19960607	1.00
19960608	1.00
19960609	1.00
19960610	1.00
19960611	1.00
19960612	1.00
19960613	1.00
19960614	1.00
19960615	1.00
19960616	1.00
19960617	1.00
19960618	1.00
19960619	1.00
19960620	1.00
19960621	1.00
19960622	1.00
19960623	1.00
19960624	1.00
19960625	0.96
19960626	1.00
19960627	1.00
19960628	1.00
19960629	1.00
19960630	1.00
19960701	1.00
19960702	1.00
19960703	1.00
19960704	1.00
19960705	1.00
19960706	1.00
19960707	1.00
19960708	1.00
19960709	1.00
19960710	0.95
19960711	0.96
19960712	0.90
19960713	0.99
19960714	1.00
19960715	1.00
19960716	1.00
19960717	1.00
19960718	1.00
19960719	1.00
19960720	1.00
19960721	1.00
19960722	1.00
19960723	0.99
19960724	1.00
19960725	1.00
19960726	1.00
19960727	1.00
19960728	1.00
19960729	1.00
19960730	1.00
19960731	1.00
19960801	1.00
19960802	1.00
19960803	1.00
19960804	1.00
19960805	0.95
19960806	1.00
19960807	1.00
19960808	1.00
19960809	1.00
19960810	1.00
19960811	1.00
19960812	1.00
19960813	1.00
19960814	1.00
19960815	0.99
19960816	0.99
19960817	1.00
19960818	0.98
19960819	1.00
19960820	1.00
19960821	1.00
19960822	1.00
19960823	1.00
19960824	1.00
19960825	1.00
19960826	1.00
19960827	1.00
19960828	1.00
19960829	1.00
19960830	1.00
19960831	1.00
19960901	1.00
19960902	1.00
19960903	0.94
19960904	1.00
19960905	0.99
19960906	1.00
19960907	1.00
19960908	0.97
19960909	1.00
19960910	1.00
19960911	1.00
19960912	1.00
19960913	1.00
19960914	1.00
19960915	1.00
19960916	0.98
19960917	0.97
19960918	0.99
19960919	1.00
19960920	0.99
19960921	1.00
19960922	1.00
19960923	1.00
19960924	1.00
19960925	1.00
19960926	0.99
19960927	1.00
19960928	0.99
19960929	1.00
19960930	1.00
19961001	0.98
19961002	1.00
19961003	1.00
19961004	1.00
19961005	1.00
19961006	1.00
19961007	1.00
19961008	1.00
19961009	0.98
19961010	1.00
19961011	1.00
19961012	1.00
19961013	1.00
19961014	1.00
19961015	1.00
19961016	1.00
19961017	1.00
19961018	1.00
19961019	1.00
19961020	1.00
19961021	1.00
19961022	1.00
19961023	1.00
19961024	1.00
19961025	1.00
19961026	1.00
19961027	1.00
19961028	1.00
19961029	1.00
19961030	1.00
19961031	1.00
19961101	1.00
19961102	1.00
19961103	1.00
19961104	1.00
19961105	0.99
19961106	1.00
19961107	1.00
19961108	1.00
19961109	1.00
19961110	1.00
19961111	1.00
19961112	1.00
19961113	1.00
19961114	1.00
19961115	1.00
19961116	1.00
19961117	1.00
19961118	1.00
19961119	1.00
19961120	1.00
19961121	1.00
19961122	1.00
19961123	1.00
19961124	1.00
19961125	1.00
19961126	0.98
19961127	1.00
19961128	1.00
19961129	1.00
19961130	1.00
19961201	1.00
19961202	1.00
19961203	1.00
19961204	1.00
19961205	1.00
19961206	1.00
19961207	1.00
19961208	1.00
19961209	1.00
19961210	1.00
19961211	1.00
19961212	1.00
19961213	1.00
19961214	1.00
19961215	1.00
19961216	1.00
19961217	1.00
19961218	1.00
19961219	0.99
19961220	1.00
19961221	1.00
19961222	0.99
19961223	1.00
19961224	1.00
19961225	1.00
19961226	1.00
19961227	1.00
19961228	1.00
19961229	1.00
19961230	1.00
19961231	1.00
19970101	0.61
19970102	0.60
19970103	0.66
19970104	0.72
19970105	0.53
19970106	0.58
19970107	0.78
19970108	0.78
19970109	0.79
19970110	0.60
19970111	0.52
19970112	0.35
19970113	0.49
19970114	0.54
19970115	0.22
19970116	0.23
19970117	0.17
19970118	0.28
19970119	0.25
19970120	0.40
19970121	0.30
19970122	0.27
19970123	0.30
19970124	0.28
19970125	0.34
19970126	0.32
19970127	0.45
19970128	0.30
19970129	0.37
19970130	0.44
19970131	0.35
19970201	0.51
19970202	0.65
19970203	0.55
19970204	0.51
19970205	0.49
19970206	0.36
19970207	0.42
19970208	0.47
19970209	0.45
19970210	0.45
19970211	0.54
19970212	0.56
19970213	0.53
19970214	0.56
19970215	0.47
19970216	0.55
19970217	0.47
19970218	0.49
19970219	0.53
19970220	0.60
19970221	0.59
19970222	0.44
19970223	0.53
19970224	0.32
19970225	0.43
19970226	0.42
19970227	0.51
19970228	0.40
19970301	0.65
19970302	0.61
19970303	0.37
19970304	0.37
19970305	0.33
19970306	0.37
19970307	0.28
19970308	0.24
19970309	0.36
19970310	0.50
19970311	0.45
19970312	0.27
19970313	0.33
19970314	0.60
19970315	0.19
19970316	0.15
19970317	0.51
19970318	0.42
19970319	0.44
19970320	0.22
19970321	0.28
19970322	0.41
19970323	0.38
19970324	0.31
19970325	0.31
19970326	0.38
19970327	0.51
19970328	0.32
19970329	0.29
19970330	0.51
19970331	0.49
19970401	0.62
19970402	0.45
19970403	0.51
19970404	0.97
19970405	0.92
19970406	0.61
19970407	0.42
19970408	0.30
19970409	0.27
19970410	0.27
19970411	0.38
19970412	0.47
19970413	0.26
19970414	0.28
19970415	0.44
19970416	0.37
19970417	0.35
19970418	0.51
19970419	0.25
19970420	0.24
19970421	0.27
19970422	0.54
19970423	0.50
19970424	0.61
19970425	0.37
19970426	0.28
19970427	0.28
19970428	0.25
19970429	0.12
19970430	0.20
19970501	0.24
19970502	0.20
19970503	0.28
19970504	0.17
19970505	0.31
19970506	0.40
19970507	0.16
19970508	0.28
19970509	0.15
19970510	0.16
19970511	0.24
19970512	0.28
19970513	0.35
19970514	0.39
19970515	0.28
19970516	0.32
19970517	0.42
19970518	0.43
19970519	0.41
19970520	0.67
19970521	0.50
19970522	0.49
19970523	0.50
19970524	0.51
19970525	0.42
19970526	0.31
19970527	0.53
19970528	0.43
19970529	0.41
19970530	0.34
19970531	0.41
19970601	0.53
19970602	0.46
19970603	0.37
19970604	0.50
19970605	0.54
19970606	0.39
19970607	0.49
19970608	0.46
19970609	0.57
19970610	0.57
19970611	0.52
19970612	0.60
19970613	0.42
19970614	0.36
19970615	0.69
19970616	0.62
19970617	0.72
19970618	0.73
19970619	0.56
19970620	0.70
19970621	0.62
19970622	0.73
19970623	0.75
19970624	0.75
19970625	0.76
19970626	0.69
19970627	0.62
19970628	0.66
19970629	0.78
19970630	0.83
19970701	0.54
19970702	0.75
19970703	0.78
19970704	0.47
19970705	0.53
19970706	0.40
19970707	0.57
19970708	0.34
19970709	0.49
19970710	0.32
19970711	0.55
19970712	0.80
19970713	0.58
19970714	0.35
19970715	0.42
19970716	0.28
19970717	0.20
19970718	0.31
19970719	0.49
19970720	0.37
19970721	0.51
19970722	0.22
19970723	0.31
19970724	0.28
19970725	0.38
19970726	0.52
19970727	0.33
19970728	0.45
19970729	0.66
19970730	0.62
19970731	0.76
19970801	0.59
19970802	0.53
19970803	0.66
19970804	0.65
19970805	0.38
19970806	0.58
19970807	0.66
19970808	0.67
19970809	0.69
19970810	0.69
19970811	0.53
19970812	0.67
19970813	1.00
19970814	0.67
19970815	0.72
19970816	0.69
19970817	0.58
19970818	0.54
19970819	0.61
19970820	0.67
19970821	0.53
19970822	0.53
19970823	0.55
19970824	0.49
19970825	0.51
19970826	0.61
19970827	0.60
19970828	0.49
19970829	0.56
19970830	0.59
19970831	0.67
19970901	0.70
19970902	0.54
19970903	0.58
19970904	0.57
19970905	0.74
19970906	0.49
19970907	0.63
19970908	0.00
19970909	0.22
19970910	0.91
19970911	0.21
19970912	0.16
19970913	0.08
19970914	0.04
19970915	0.32
19970916	0.46
19970917	0.47
19970918	0.35
19970919	0.36
19970920	0.24
19970921	0.42
19970922	0.49
19970923	0.31
19970924	0.28
19970925	0.06
19970926	0.16
19970927	0.22
19970928	0.07
19970929	0.08
19970930	0.21
19971001	0.08
19971002	0.10
19971003	0.06
19971004	0.07
19971005	0.06
19971006	0.29
19971007	0.10
19971008	0.21
19971009	0.19
19971010	0.22
19971011	0.11
19971012	0.14
19971013	0.09
19971014	0.22
19971015	0.17
19971016	0.09
19971017	0.06
19971018	0.03
19971019	0.22
19971020	0.15
19971021	0.20
19971022	0.38
19971023	0.11
19971024	0.28
19971025	0.09
19971026	0.09
19971027	0.26
19971028	0.60
19971029	0.43
19971030	0.24
19971031	0.33
19971101	0.38
19971102	0.78
19971103	0.99
19971104	0.72
19971105	0.85
19971106	0.31
19971107	0.10
19971108	0.33
19971109	0.58
19971110	0.11
19971111	0.12
19971112	0.22
19971113	0.12
19971114	0.06
19971115	0.10
19971116	0.15
19971117	0.17
19971118	0.07
19971119	0.10
19971120	0.18
19971121	0.15
19971122	0.15
19971123	0.12
19971124	0.24
19971125	0.35
19971126	0.56
19971127	0.67
19971128	0.66
19971129	0.41
19971130	0.61
19971201	0.58
19971202	0.62
19971203	0.28
19971204	0.00
19971205	0.00
19971206	0.00
19971207	0.00
19971208	0.00
19971209	0.00
19971210	0.00
19971211	0.00
19971212	0.00
19971213	0.00
19971214	0.00
19971215	0.00
19971216	0.00
19971217	0.00
19971218	0.00
19971219	0.00
19971220	0.00
19971221	0.00
19971222	0.00
19971223	0.00
19971224	0.00
19971225	0.00
19971226	0.00
19971227	0.00
19971228	0.00
19971229	0.00
19971230	0.00
19971231	0.00
19980101	0.00
19980102	0.04
19980103	0.29
19980104	0.01
19980105	0.54
19980106	0.56
19980107	0.57
19980108	0.67
19980109	0.53
19980110	0.40
19980111	0.49
19980112	0.42
19980113	0.35
19980114	0.24
19980115	0.32
19980116	0.41
19980117	0.25
19980118	0.28
19980119	0.38
19980120	0.75
19980121	0.63
19980122	0.28
19980123	0.69
19980124	0.91
19980125	0.38
19980126	0.44
19980127	0.30
19980128	0.49
19980129	0.49
19980130	0.53
19980131	0.69
19980201	0.53
19980202	0.47
19980203	0.60
19980204	0.92
19980205	0.89
19980206	0.81
19980207	0.56
19980208	0.76
19980209	0.71
19980210	0.85
19980211	0.90
19980212	0.94
19980213	0.56
19980214	0.54
19980215	0.42
19980216	0.45
19980217	0.44
19980218	0.38
19980219	0.38
19980220	0.28
19980221	0.47
19980222	0.29
19980223	0.33
19980224	0.35
19980225	0.36
19980226	0.51
19980227	0.97
19980228	1.00
19980301	0.51
19980302	0.26
19980303	0.12
19980304	0.15
19980305	0.15
19980306	0.11
19980307	0.20
19980308	0.17
19980309	0.23
19980310	0.17
19980311	0.07
19980312	0.07
19980313	0.17
19980314	0.11
19980315	0.13
19980316	0.05
19980317	0.15
19980318	0.10
19980319	0.24
19980320	0.28
19980321	0.27
19980322	0.24
19980323	0.22
19980324	0.24
19980325	0.10
19980326	0.12
19980327	0.15
19980328	0.10
19980329	0.07
19980330	0.11
19980331	0.04
19980401	0.04
19980402	0.08
19980403	0.09
19980404	0.08
19980405	0.08
19980406	0.03
19980407	0.08
19980408	0.06
19980409	0.10
19980410	0.10
19980411	0.19
19980412	0.09
19980413	0.12
19980414	0.08
19980415	0.22
19980416	0.17
19980417	0.19
19980418	0.06
19980419	0.10
19980420	0.13
19980421	0.10
19980422	0.03
19980423	0.03
19980424	0.15
19980425	0.06
19980426	0.08
19980427	0.10
19980428	0.10
19980429	0.08
19980430	0.08
19980501	0.15
19980502	0.10
19980503	0.14
19980504	0.08
19980505	0.10
19980506	0.07
19980507	0.05
19980508	0.12
19980509	0.03
19980510	0.08
19980511	0.13
19980512	0.07
19980513	0.04
19980514	0.04
19980515	0.07
19980516	0.16
19980517	0.08
19980518	0.07
19980519	0.08
19980520	0.10
19980521	0.05
19980522	0.06
19980523	0.15
19980524	0.17
19980525	0.06
19980526	0.19
19980527	0.17
19980528	0.16
19980529	0.09
19980530	0.19
19980531	0.07
19980601	0.13
19980602	0.08
19980603	0.12
19980604	0.11
19980605	0.10
19980606	0.08
19980607	0.07
19980608	0.12
19980609	0.09
19980610	0.18
19980611	0.03
19980612	0.08
19980613	0.06
19980614	0.10
19980615	0.17
19980616	0.17
19980617	0.08
19980618	0.17
19980619	0.22
19980620	0.35
19980621	0.44
19980622	0.28
19980623	0.10
19980624	0.08
19980625	0.22
19980626	0.20
19980627	0.22
19980628	0.17
19980629	0.08
19980630	0.13
19980701	0.17
19980702	0.14
19980703	0.38
19980704	0.30
19980705	0.26
19980706	0.19
19980707	0.19
19980708	0.29
19980709	0.38
19980710	0.17
19980711	0.10
19980712	0.12
19980713	0.15
19980714	0.13
19980715	0.09
19980716	0.10
19980717	0.11
19980718	0.15
19980719	0.24
19980720	0.17
19980721	0.22
19980722	0.12
19980723	0.17
19980724	0.17
19980725	0.35
19980726	0.18
19980727	0.15
19980728	0.06
19980729	0.16
19980730	0.08
19980731	0.08
19980801	0.15
19980802	0.10
19980803	0.13
19980804	0.14
19980805	0.24
19980806	0.06
19980807	0.11
19980808	0.17
19980809	0.12
19980810	0.13
19980811	0.14
19980812	0.18
19980813	0.27
19980814	0.20
19980815	0.15
19980816	0.21
19980817	0.10
19980818	0.07
19980819	0.15
19980820	0.12
19980821	0.10
19980822	0.17
19980823	0.22
19980824	0.30
19980825	0.11
19980826	0.16
19980827	0.08
19980828	0.04
19980829	0.10
19980830	0.12
19980831	0.08
19980901	0.12
19980902	0.11
19980903	0.15
19980904	0.16
19980905	0.07
19980906	0.05
19980907	0.15
19980908	0.10
19980909	0.16
19980910	0.10
19980911	0.08
19980912	0.12
19980913	0.12
19980914	0.12
19980915	0.08
19980916	0.06
19980917	0.08
19980918	0.10
19980919	0.00
19980920	0.00
19980921	0.00
19980922	0.00
19980923	0.01
19980924	0.00
19980925	0.00
19980926	0.00
19980927	0.00
19980928	0.00
19980929	0.00
19980930	0.00
19981001	0.00
19981002	0.00
19981003	0.00
19981004	0.00
19981005	0.01
19981006	0.00
19981007	0.00
19981008	0.01
19981009	0.00
19981010	0.00
19981011	0.00
19981012	0.00
19981013	0.00
19981014	0.00
19981015	0.00
19981016	0.00
19981017	0.00
19981018	0.00
19981019	0.00
19981020	0.00
19981021	0.00
19981022	0.00
19981023	0.00
19981024	0.00
19981025	0.00
19981026	0.00
19981027	0.00
19981028	0.00
19981029	0.00
19981030	0.00
19981031	0.00
19981101	0.00
19981102	0.00
19981103	0.00
19981104	0.00
19981105	0.01
19981106	0.00
19981107	0.00
19981108	0.00
19981109	0.00
19981110	0.00
19981111	0.00
19981112	0.00
19981113	0.00
19981114	0.00
19981115	0.00
19981116	0.00
19981117	0.00
19981118	0.00
19981119	0.00
19981120	0.00
19981121	0.00
19981122	0.00
19981123	0.00
19981124	0.00
19981125	0.00
19981126	0.00
19981127	0.00
19981128	0.00
19981129	0.35
19981130	0.42
19981201	0.29
19981202	0.31
19981203	0.42
19981204	0.42
19981205	0.44
19981206	0.23
19981207	0.35
19981208	0.38
19981209	0.42
19981210	0.28
19981211	0.49
19981212	0.95
19981213	0.84
19981214	0.76
19981215	0.93
19981216	1.00
19981217	1.00
19981218	1.00
19981219	0.99
19981220	0.24
19981221	0.35
19981222	0.93
19981223	1.00
19981224	0.98
19981225	0.99
19981226	0.99
19981227	0.92
19981228	0.91
19981229	0.98
19981230	0.96
19981231	0.94
19990101	0.98
19990102	0.91
19990103	1.00
19990104	0.99
19990105	0.97
19990106	0.94
19990107	0.85
19990108	0.94
19990109	0.96
19990110	0.97
19990111	0.86
19990112	0.90
19990113	0.96
19990114	0.75
19990115	0.99
19990116	0.99
19990117	0.97
19990118	0.99
19990119	0.99
19990120	1.00
19990121	0.94
19990122	0.90
19990123	1.00
19990124	0.97
19990125	0.97
19990126	0.94
19990127	0.67
19990128	0.76
19990129	0.93
19990130	0.76
19990131	0.65
19990201	0.26
19990202	0.83
19990203	0.97
19990204	0.92
19990205	0.77
19990206	0.44
19990207	0.58
19990208	1.00
19990209	0.88
19990210	0.92
19990211	0.99
19990212	0.97
19990213	0.97
19990214	0.91
19990215	0.31
19990216	0.68
19990217	0.86
19990218	0.94
19990219	0.97
19990220	0.69
19990221	0.51
19990222	0.93
19990223	0.90
19990224	0.81
19990225	0.97
19990226	0.97
19990227	0.66
19990228	0.51
19990301	0.76
19990302	0.92
19990303	0.99
19990304	0.94
19990305	0.79
19990306	0.68
19990307	0.79
19990308	0.84
19990309	0.54
19990310	0.74
19990311	0.86
19990312	0.87
19990313	0.01
19990314	0.00
19990315	0.00
19990316	0.01
19990317	0.03
19990318	0.12
19990319	0.72
19990320	0.71
19990321	0.38
19990322	0.62
19990323	0.66
19990324	0.58
19990325	0.52
19990326	0.79
19990327	0.65
19990328	0.59
19990329	0.52
19990330	0.58
19990331	0.45
19990401	0.56
19990402	0.59
19990403	0.67
19990404	0.14
19990405	0.32
19990406	0.06
19990407	0.03
19990408	0.30
19990409	0.80
19990410	0.56
19990411	0.33
19990412	0.41
19990413	0.43
19990414	0.28
19990415	0.35
19990416	0.57
19990417	0.67
19990418	0.62
19990419	0.67
19990420	0.62
19990421	0.65
19990422	0.67
19990423	0.46
19990424	0.41
19990425	0.28
19990426	0.23
19990427	0.45
19990428	0.39
19990429	0.41
19990430	0.26
19990501	0.24
19990502	0.35
19990503	0.51
19990504	0.27
19990505	0.22
19990506	0.26
19990507	0.29
19990508	0.27
19990509	0.27
19990510	0.26
19990511	0.17
19990512	0.26
19990513	0.26
19990514	0.36
19990515	0.84
19990516	0.34
19990517	0.22
19990518	0.23
19990519	0.33
19990520	0.41
19990521	0.35
19990522	0.88
19990523	0.56
19990524	0.72
19990525	0.36
19990526	0.47
19990527	0.31
19990528	0.35
19990529	0.29
19990530	0.26
19990531	0.26
19990601	0.27
19990602	0.31
19990603	0.24
19990604	0.18
19990605	0.32
19990606	0.49
19990607	0.28
19990608	0.30
19990609	0.25
19990610	0.36
19990611	0.26
19990612	0.41
19990613	0.58
19990614	0.43
19990615	0.32
19990616	0.27
19990617	0.53
19990618	0.39
19990619	0.46
19990620	0.62
19990621	0.63
19990622	0.47
19990623	0.65
19990624	0.43
19990625	0.53
19990626	0.44
19990627	0.53
19990628	0.45
19990629	0.35
19990630	0.49
19990701	0.49
19990702	0.48
19990703	0.55
19990704	0.43
19990705	0.21
19990706	0.42
19990707	0.34
19990708	0.49
19990709	0.21
19990710	0.40
19990711	0.41
19990712	0.34
19990713	0.40
19990714	0.35
19990715	0.38
19990716	0.38
19990717	0.44
19990718	0.36
19990719	0.34
19990720	0.51
19990721	0.12
19990722	0.39
19990723	0.46
19990724	0.40
19990725	0.24
19990726	0.41
19990727	0.35
19990728	0.39
19990729	0.18
19990730	0.31
19990731	0.36
19990801	0.19
19990802	0.22
19990803	0.22
19990804	0.24
19990805	0.19
19990806	0.38
19990807	0.31
19990808	0.38
19990809	0.13
19990810	0.26
19990811	0.17
19990812	0.16
19990813	0.18
19990814	0.31
19990815	0.46
19990816	0.34
19990817	0.18
19990818	0.25
19990819	0.28
19990820	0.31
19990821	0.16
19990822	0.33
19990823	0.50
19990824	0.22
19990825	0.26
19990826	0.36
19990827	0.22
19990828	0.12
19990829	0.21
19990830	0.13
19990831	0.31
19990901	0.27
19990902	0.10
19990903	0.17
19990904	0.69
19990905	0.78
19990906	0.89
19990907	0.53
19990908	0.76
19990909	0.87
19990910	0.47
19990911	0.96
19990912	1.00
19990913	0.88
19990914	0.88
19990915	0.79
19990916	0.96
19990917	0.79
19990918	0.47
19990919	0.00
19990920	0.00
19990921	0.00
19990922	0.00
19990923	0.00
19990924	0.00
19990925	0.00
19990926	0.00
19990927	0.00
19990928	0.00
19990929	0.00
19990930	0.00
19991001	0.00
19991002	0.08
19991003	0.17
19991004	0.10
19991005	0.07
19991006	0.04
19991007	0.06
19991008	0.08
19991009	0.10
19991010	0.03
19991011	0.06
19991012	0.11
19991013	0.20
19991014	0.06
19991015	0.14
19991016	0.18
19991017	0.07
19991018	0.14
19991019	0.23
19991020	0.14
19991021	0.24
19991022	0.24
19991023	0.25
19991024	0.24
19991025	0.20
19991026	0.51
19991027	0.35
19991028	0.44
19991029	0.15
19991030	0.15
19991031	0.14
19991101	0.07
19991102	0.51
19991103	0.46
19991104	0.34
19991105	0.42
19991106	0.49
19991107	0.66
19991108	0.52
19991109	0.17
19991110	0.10
19991111	0.28
19991112	0.11
19991113	0.20
19991114	0.10
19991115	0.11
19991116	0.10
19991117	0.15
19991118	0.30
19991119	0.26
19991120	0.16
19991121	0.37
19991122	0.12
19991123	0.39
19991124	0.26
19991125	0.26
19991126	0.21
19991127	0.22
19991128	0.20
19991129	0.17
19991130	0.30
19991201	0.01
19991202	0.21
19991203	0.44
19991204	0.27
19991205	0.46
19991206	0.47
19991207	0.47
19991208	0.14
19991209	0.08
19991210	0.06
19991211	0.12
19991212	0.10
19991213	0.24
19991214	0.13
19991215	0.25
19991216	0.49
19991217	0.24
19991218	0.54
19991219	0.44
19991220	0.30
19991221	0.40
19991222	0.49
19991223	0.42
19991224	0.15
19991225	0.31
19991226	0.41
19991227	0.24
19991228	0.73
19991229	0.73
19991230	0.68
19991231	0.38
20000101	0.40
20000102	0.30
20000103	0.32
20000104	0.49
20000105	0.66
20000106	0.52
20000107	0.36
20000108	0.36
20000109	0.53
20000110	0.41
20000111	0.38
20000112	0.26
20000113	0.26
20000114	0.42
20000115	0.25
20000116	0.29
20000117	0.61
20000118	0.53
20000119	0.52
20000120	0.98
20000121	0.27
20000122	0.50
20000123	0.49
20000124	0.60
20000125	0.28
20000126	0.22
20000127	0.20
20000128	0.31
20000129	0.29
20000130	0.28
20000131	0.25
20000201	0.38
20000202	0.32
20000203	0.24
20000204	0.32
20000205	0.59
20000206	0.38
20000207	0.22
20000208	0.36
20000209	0.19
20000210	0.37
20000211	0.24
20000212	0.25
20000213	0.29
20000214	0.22
20000215	0.32
20000216	0.13
20000217	0.27
20000218	0.01
20000219	0.01
20000220	0.01
20000221	0.06
20000222	0.69
20000223	0.39
20000224	0.36
20000225	0.26
20000226	0.21
20000227	0.42
20000228	0.36
20000229	0.42
20000301	0.47
20000302	0.56
20000303	0.41
20000304	0.58
20000305	0.43
20000306	0.36
20000307	0.41
20000308	0.33
20000309	0.21
20000310	0.62
20000311	0.88
20000312	0.94
20000313	0.99
20000314	0.98
20000315	0.99
20000316	0.97
20000317	0.46
20000318	1.00
20000319	0.99
20000320	0.75
20000321	0.30
20000322	0.22
20000323	0.15
20000324	0.28
20000325	0.33
20000326	0.39
20000327	0.86
20000328	0.95
20000329	0.98
20000330	0.76
20000331	0.99
20000401	0.74
20000402	0.15
20000403	0.15
20000404	0.37
20000405	0.44
20000406	0.93
20000407	1.00
20000408	0.99
20000409	1.00
20000410	1.00
20000411	0.98
20000412	0.96
20000413	1.00
20000414	0.99
20000415	0.99
20000416	0.94
20000417	0.93
20000418	0.99
20000419	0.99
20000420	0.94
20000421	0.62
20000422	1.00
20000423	0.99
20000424	0.99
20000425	1.00
20000426	0.51
20000427	0.99
20000428	1.00
20000429	0.99
20000430	1.00
20000501	0.97
20000502	0.92
20000503	0.99
20000504	0.99
20000505	0.85
20000506	0.80
20000507	0.31
20000508	0.17
20000509	0.55
20000510	0.24
20000511	0.30
20000512	0.28
20000513	0.58
20000514	0.36
20000515	0.36
20000516	0.47
20000517	0.38
20000518	0.42
20000519	0.47
20000520	0.47
20000521	0.50
20000522	0.32
20000523	0.22
20000524	0.35
20000525	0.44
20000526	0.42
20000527	0.33
20000528	0.40
20000529	0.38
20000530	0.26
20000531	0.27
20000601	0.24
20000602	0.24
20000603	0.33
20000604	0.38
20000605	0.36
20000606	0.50
20000607	0.39
20000608	0.50
20000609	0.22
20000610	0.21
20000611	0.37
20000612	0.51
20000613	0.42
20000614	0.19
20000615	0.37
20000616	0.58
20000617	0.35
20000618	0.30
20000619	0.37
20000620	0.58
20000621	0.76
20000622	0.67
20000623	0.25
20000624	0.58
20000625	0.75
20000626	0.78
20000627	0.67
20000628	0.88
20000629	0.76
20000630	0.83
20000701	0.41
20000702	0.35
20000703	0.21
20000704	0.24
20000705	0.26
20000706	0.10
20000707	0.26
20000708	0.35
20000709	0.29
20000710	0.25
20000711	0.33
20000712	0.14
20000713	0.22
20000714	0.15
20000715	0.24
20000716	0.18
20000717	0.21
20000718	0.19
20000719	0.18
20000720	0.20
20000721	0.19
20000722	0.19
20000723	0.24
20000724	0.26
20000725	0.25
20000726	0.19
20000727	0.22
20000728	0.19
20000729	0.11
20000730	0.26
20000731	0.26
20000801	0.37
20000802	0.27
20000803	0.21
20000804	0.17
20000805	0.19
20000806	0.33
20000807	0.60
20000808	0.51
20000809	0.49
20000810	0.36
20000811	0.38
20000812	0.35
20000813	0.52
20000814	0.47
20000815	0.51
20000816	0.71
20000817	0.58
20000818	0.56
20000819	0.58
20000820	0.47
20000821	0.31
20000822	0.55
20000823	0.49
20000824	0.65
20000825	0.47
20000826	0.47
20000827	0.48
20000828	0.44
20000829	0.42
20000830	0.44
20000831	0.33
20000901	0.28
20000902	0.49
20000903	0.42
20000904	0.61
20000905	0.67
20000906	0.58
20000907	0.58
20000908	0.48
20000909	0.38
20000910	0.24
20000911	0.23
20000912	0.17
20000913	0.17
20000914	0.24
20000915	0.44
20000916	0.26
20000917	0.45
20000918	0.44
20000919	0.26
20000920	0.28
20000921	0.21
20000922	0.34
20000923	0.35
20000924	0.51
20000925	0.47
20000926	0.50
20000927	0.31
20000928	0.19
20000929	0.10
20000930	0.15
20001001	0.16
20001002	0.28
20001003	0.25
20001004	0.28
20001005	0.21
20001006	0.17
20001007	0.17
20001008	0.26
20001009	0.26
20001010	0.26
20001011	0.31
20001012	0.60
20001013	0.77
20001014	0.49
20001015	0.29
20001016	0.40
20001017	0.44
20001018	0.35
20001019	0.29
20001020	0.23
20001021	0.20
20001022	0.17
20001023	0.20
20001024	0.15
20001025	0.12
20001026	0.06
20001027	0.21
20001028	0.21
20001029	0.20
20001030	0.19
20001031	0.13
20001101	0.12
20001102	0.15
20001103	0.12
20001104	0.22
20001105	0.11
20001106	0.16
20001107	0.11
20001108	0.18
20001109	0.22
20001110	0.24
20001111	0.12
20001112	0.12
20001113	0.13
20001114	0.17
20001115	0.19
20001116	0.49
20001117	0.47
20001118	0.47
20001119	0.44
20001120	0.31
20001121	0.42
20001122	0.52
20001123	0.42
20001124	0.46
20001125	0.41
20001126	0.46
20001127	0.41
20001128	0.40
20001129	0.50
20001130	0.58
20001201	0.68
20001202	0.58
20001203	0.57
20001204	0.54
20001205	0.58
20001206	0.51
20001207	0.40
20001208	0.40
20001209	0.42
20001210	0.40
20001211	0.44
20001212	0.58
20001213	0.62
20001214	0.64
20001215	0.52
20001216	0.49
20001217	0.48
20001218	0.46
20001219	0.34
20001220	0.47
20001221	0.49
20001222	0.42
20001223	0.50
20001224	0.44
20001225	0.47
20001226	0.26
20001227	0.15
20001228	0.43
20001229	0.49
20001230	0.32
20001231	0.35
20010101	0.28
20010102	0.19
20010103	0.21
20010104	0.28
20010105	0.38
20010106	0.45
20010107	0.41
20010108	0.20
20010109	0.40
20010110	0.25
20010111	0.29
20010112	0.33
20010113	0.43
20010114	0.05
20010115	0.06
20010116	0.22
20010117	0.32
20010118	0.39
20010119	0.26
20010120	0.42
20010121	0.28
20010122	0.44
20010123	0.61
20010124	0.58
20010125	0.42
20010126	0.33
20010127	0.33
20010128	0.85
20010129	0.83
20010130	0.32
20010131	0.22
20010201	0.33
20010202	0.27
20010203	0.20
20010204	0.28
20010205	0.35
20010206	0.50
20010207	0.37
20010208	0.51
20010209	0.54
20010210	0.56
20010211	0.64
20010212	0.48
20010213	0.38
20010214	0.37
20010215	0.40
20010216	0.24
20010217	0.00
20010218	0.00
20010219	0.00
20010220	0.00
20010221	0.00
20010222	0.00
20010223	0.00
20010224	0.00
20010225	0.00
20010226	0.00
20010227	0.00
20010228	0.00
20010301	0.00
20010302	0.00
20010303	0.00
20010304	0.00
20010305	0.00
20010306	0.00
20010307	0.00
20010308	0.00
20010309	0.00
20010310	0.00
20010311	0.00
20010312	0.00
20010313	0.00
20010314	0.00
20010315	0.00
20010316	0.00
20010317	0.00
20010318	0.00
20010319	0.00
20010320	0.00
20010321	0.00
20010322	0.00
20010323	0.00
20010324	0.00
20010325	0.00
20010326	0.00
20010327	0.00
20010328	0.00
20010329	0.00
20010330	0.00
20010331	0.00
20010401	0.00
20010402	0.00
20010403	0.00
20010404	0.00
20010405	0.00
20010406	0.00
20010407	0.00
20010408	0.00
20010409	0.00
20010410	0.00
20010411	0.00
20010412	0.00
20010413	0.00
20010414	0.00
20010415	0.00
20010416	0.00
20010417	0.00
20010418	0.00
20010419	0.00
20010420	0.00
20010421	0.00
20010422	0.00
20010423	0.00
20010424	0.00
20010425	0.00
20010426	0.00
20010427	0.00
20010428	0.00
20010429	0.00
20010430	0.00
20010501	0.00
20010502	0.00
20010503	0.00
20010504	0.00
20010505	0.00
20010506	0.00
20010507	0.00
20010508	0.00
20010509	0.00
20010510	0.00
20010511	0.00
20010512	0.00
20010513	0.00
20010514	0.00
20010515	0.00
20010516	0.00
20010517	0.00
20010518	0.00
20010519	0.00
20010520	0.00
20010521	0.00
20010522	0.00
20010523	0.00
20010524	0.00
20010525	0.00
20010526	0.00
20010527	0.00
20010528	0.00
20010529	0.00
20010530	0.00
20010531	0.00
20010601	0.00
20010602	0.00
20010603	0.00
20010604	0.00
20010605	0.00
20010606	0.00
20010607	0.00
20010608	0.00
20010609	0.00
20010610	0.00
20010611	0.00
20010612	0.00
20010613	0.00
20010614	0.00
20010615	0.00
20010616	0.00
20010617	0.00
20010618	0.00
20010619	0.00
20010620	0.00
20010621	0.00
20010622	0.00
20010623	0.00
20010624	0.00
20010625	0.00
20010626	0.00
20010627	0.00
20010628	0.00
20010629	0.00
20010630	0.00
20010701	0.00
20010702	0.00
20010703	0.00
20010704	0.00
20010705	0.00
20010706	0.00
20010707	0.00
20010708	0.00
20010709	0.00
20010710	0.00
20010711	0.00
20010712	0.00
20010713	0.00
20010714	0.00
20010715	0.00
20010716	0.00
20010717	0.00
20010718	0.00
20010719	0.00
20010720	0.00
20010721	0.00
20010722	0.00
20010723	0.00
20010724	0.00
20010725	0.00
20010726	0.00
20010727	0.00
20010728	0.00
20010729	0.00
20010730	0.00
20010731	0.00
20010801	0.00
20010802	0.00
20010803	0.00
20010804	0.00
20010805	0.00
20010806	0.00
20010807	0.00
20010808	0.00
20010809	0.00
20010810	0.00
20010811	0.00
20010812	0.00
20010813	0.00
20010814	0.00
20010815	0.00
20010816	0.00
20010817	0.00
20010818	0.00
20010819	0.00
20010820	0.00
20010821	0.00
20010822	0.00
20010823	0.00
20010824	0.00
20010825	0.00
20010826	0.00
20010827	0.00
20010828	0.00
20010829	0.00
20010830	0.00
20010831	0.00
20010901	0.00
20010902	0.00
20010903	0.00
20010904	0.00
20010905	0.00
20010906	0.00
20010907	0.00
20010908	0.00
20010909	0.00
20010910	0.00
20010911	0.00
20010912	0.00
20010913	0.00
20010914	0.00
20010915	0.00
20010916	0.00
20010917	0.00
20010918	0.00
20010919	0.00
20010920	0.00
20010921	0.00
20010922	0.00
20010923	0.00
20010924	0.00
20010925	0.00
20010926	0.00
20010927	0.00
20010928	0.00
20010929	0.00
20010930	0.00
20011001	0.00
20011002	0.00
20011003	0.00
20011004	0.00
20011005	0.00
20011006	0.00
20011007	0.00
20011008	0.00
20011009	0.00
20011010	0.00
20011011	0.00
20011012	0.00
20011013	0.00
20011014	0.00
20011015	0.00
20011016	0.00
20011017	0.00
20011018	0.00
20011019	0.00
20011020	0.00
20011021	0.00
20011022	0.00
20011023	0.00
20011024	0.00
20011025	0.00
20011026	0.00
20011027	0.00
20011028	0.00
20011029	0.00
20011030	0.00
20011031	0.00
20011101	0.00
20011102	0.00
20011103	0.00
20011104	0.00
20011105	0.00
20011106	0.00
20011107	0.00
20011108	0.00
20011109	0.00
20011110	0.00
20011111	0.00
20011112	0.00
20011113	0.00
20011114	0.00
20011115	0.00
20011116	0.00
20011117	0.00
20011118	0.00
20011119	0.00
20011120	0.00
20011121	0.00
20011122	0.00
20011123	0.00
20011124	0.00
20011125	0.00
20011126	0.00
20011127	0.00
20011128	0.00
20011129	0.00
20011130	0.00
20011201	0.00
20011202	0.00
20011203	0.00
20011204	0.00
20011205	0.00
20011206	0.00
20011207	0.00
20011208	0.00
20011209	0.00
20011210	0.00
20011211	0.00
20011212	0.00
20011213	0.00
20011214	0.00
20011215	0.00
20011216	0.00
20011217	0.00
20011218	0.00
20011219	0.00
20011220	0.00
20011221	0.00
20011222	0.00
20011223	0.00
20011224	0.00
20011225	0.00
20011226	0.00
20011227	0.00
20011228	0.00
20011229	0.00
20011230	0.00
20011231	0.00
20020101	0.00
20020102	0.00
20020103	0.00
20020104	0.00
20020105	0.00
20020106	0.00
20020107	0.00
20020108	0.00
20020109	0.00
20020110	0.00
20020111	0.00
20020112	0.00
20020113	0.00
20020114	0.00
20020115	0.00
20020116	0.00
20020117	0.00
20020118	0.00
20020119	0.00
20020120	0.00
20020121	0.00
20020122	0.00
20020123	0.00
20020124	0.00
20020125	0.00
20020126	0.00
20020127	0.00
20020128	0.00
20020129	0.00
20020130	0.00
20020131	0.00
20020201	0.00
20020202	0.00
20020203	0.00
20020204	0.00
20020205	0.00
20020206	0.00
20020207	0.00
20020208	0.00
20020209	0.00
20020210	0.00
20020211	0.00
20020212	0.00
20020213	0.00
20020214	0.00
20020215	0.00
20020216	0.00
20020217	0.00
20020218	0.00
20020219	0.00
20020220	0.00
20020221	0.00
20020222	0.00
20020223	0.00
20020224	0.00
20020225	0.00
20020226	0.00
20020227	0.00
20020228	0.00
20020301	0.00
20020302	0.00
20020303	0.00
20020304	0.00
20020305	0.00
20020306	0.00
20020307	0.00
20020308	0.00
20020309	0.00
20020310	0.00
20020311	0.00
20020312	0.00
20020313	0.00
20020314	0.00
20020315	0.00
20020316	0.00
20020317	0.00
20020318	0.00
20020319	0.00
20020320	0.00
20020321	0.00
20020322	0.00
20020323	0.00
20020324	0.00
20020325	0.00
20020326	0.00
20020327	0.00
20020328	0.00
20020329	0.00
20020330	0.00
20020331	0.00
20020401	0.00
20020402	0.00
20020403	0.00
20020404	0.00
20020405	0.00
20020406	0.00
20020407	0.00
20020408	0.00
20020409	0.00
20020410	0.00
20020411	0.00
20020412	0.00
20020413	0.00
20020414	0.00
20020415	0.00
20020416	0.00
20020417	0.00
20020418	0.00
20020419	0.00
20020420	0.00
20020421	0.00
20020422	0.00
20020423	0.00
20020424	0.00
20020425	0.00
20020426	0.00
20020427	0.00
20020428	0.00
20020429	0.00
20020430	0.00
20020501	0.00
20020502	0.00
20020503	0.00
20020504	0.00
20020505	0.00
20020506	0.00
20020507	0.00
20020508	0.00
20020509	0.00
20020510	0.00
20020511	0.00
20020512	0.00
20020513	0.00
20020514	0.00
20020515	0.00
20020516	0.00
20020517	0.00
20020518	0.00
20020519	0.00
20020520	0.00
20020521	0.00
20020522	0.00
20020523	0.00
20020524	0.00
20020525	0.00
20020526	0.00
20020527	0.00
20020528	0.00
20020529	0.00
20020530	0.00
20020531	0.00
20020601	0.00
20020602	0.00
20020603	0.00
20020604	0.00
20020605	0.00
20020606	0.00
20020607	0.00
20020608	0.00
20020609	0.00
20020610	0.00
20020611	0.00
20020612	0.00
20020613	0.00
20020614	0.00
20020615	0.00
20020616	0.00
20020617	0.00
20020618	0.00
20020619	0.00
20020620	0.00
20020621	0.00
20020622	0.00
20020623	0.00
20020624	0.00
20020625	0.00
20020626	0.00
20020627	0.00
20020628	0.00
20020629	0.00
20020630	0.00
20020701	0.00
20020702	0.00
20020703	0.00
20020704	0.00
20020705	0.00
20020706	0.00
20020707	0.00
20020708	0.00
20020709	0.00
20020710	0.00
20020711	0.00
20020712	0.00
20020713	0.00
20020714	0.00
20020715	0.00
20020716	0.00
20020717	0.00
20020718	0.00
20020719	0.00
20020720	0.00
20020721	0.00
20020722	0.00
20020723	0.00
20020724	0.00
20020725	0.00
20020726	0.00
20020727	0.00
20020728	0.00
20020729	0.00
20020730	0.00
20020731	0.00
20020801	0.00
20020802	0.00
20020803	0.00
20020804	0.00
20020805	0.00
20020806	0.00
20020807	0.00
20020808	0.00
20020809	0.00
20020810	0.00
20020811	0.00
20020812	0.00
20020813	0.00
20020814	0.00
20020815	0.00
20020816	0.00
20020817	0.00
20020818	0.00
20020819	0.00
20020820	0.00
20020821	0.00
20020822	0.00
20020823	0.00
20020824	0.00
20020825	0.00
20020826	0.00
20020827	0.00
20020828	0.00
20020829	0.00
20020830	0.00
20020831	0.00
20020901	0.00
20020902	0.00
20020903	0.00
20020904	0.00
20020905	0.00
20020906	0.00
20020907	0.00
20020908	0.00
20020909	0.00
20020910	0.00
20020911	0.00
20020912	0.00
20020913	0.00
20020914	0.00
20020915	0.00
20020916	0.00
20020917	0.00
20020918	0.00
20020919	0.00
20020920	0.00
20020921	0.00
20020922	0.00
20020923	0.00
20020924	0.00
20020925	0.00
20020926	0.00
20020927	0.00
20020928	0.00
20020929	0.00
20020930	0.00
20021001	0.00
20021002	0.00
20021003	0.00
20021004	0.00
20021005	0.00
20021006	0.00
20021007	0.00
20021008	0.00
20021009	0.00
20021010	0.00
20021011	0.00
20021012	0.00
20021013	0.00
20021014	0.00
20021015	0.00
20021016	0.00
20021017	0.00
20021018	0.00
20021019	0.00
20021020	0.00
20021021	0.00
20021022	0.00
20021023	0.00
20021024	0.00
20021025	0.00
20021026	0.00
20021027	0.00
20021028	0.00
20021029	0.00
20021030	0.00
20021031	0.00
20021101	0.00
20021102	0.00
20021103	0.00
20021104	0.00
20021105	0.00
20021106	0.00
20021107	0.00
20021108	0.00
20021109	0.00
20021110	0.00
20021111	0.00
20021112	0.00
20021113	0.00
20021114	0.00
20021115	0.00
20021116	0.00
20021117	0.00
20021118	0.00
20021119	0.00
20021120	0.00
20021121	0.00
20021122	0.00
20021123	0.00
20021124	0.00
20021125	0.00
20021126	0.00
20021127	0.00
20021128	0.00
20021129	0.00
20021130	0.00
20021201	0.00
20021202	0.00
20021203	0.00
20021204	0.00
20021205	0.00
20021206	0.00
20021207	0.00
20021208	0.00
20021209	0.00
20021210	0.00
20021211	0.00
20021212	0.00
20021213	0.00
20021214	0.00
20021215	0.00
20021216	0.00
20021217	0.00
20021218	0.00
20021219	0.00
20021220	0.00
20021221	0.00
20021222	0.00
20021223	0.00
20021224	0.00
20021225	0.00
20021226	0.00
20021227	0.00
20021228	0.00
20021229	0.00
20021230	0.00
20021231	0.00
20030101	0.00
20030102	0.00
20030103	0.00
20030104	0.00
20030105	0.00
20030106	0.00
20030107	0.00
20030108	0.00
20030109	0.00
20030110	0.00
20030111	0.00
20030112	0.00
20030113	0.00
20030114	0.00
20030115	0.00
20030116	0.00
20030117	0.00
20030118	0.00
20030119	0.00
20030120	0.00
20030121	0.00
20030122	0.00
20030123	0.00
20030124	0.00
20030125	0.00
20030126	0.00
20030127	0.00
20030128	0.00
20030129	0.00
20030130	0.00
20030131	0.00
20030201	0.00
20030202	0.00
20030203	0.00
20030204	0.00
20030205	0.00
20030206	0.00
20030207	0.00
20030208	0.00
20030209	0.00
20030210	0.00
20030211	0.00
20030212	0.00
20030213	0.00
20030214	0.00
20030215	0.00
20030216	0.00
20030217	0.00
20030218	0.00
20030219	0.00
20030220	0.00
20030221	0.00
20030222	0.00
20030223	0.00
20030224	0.00
20030225	0.00
20030226	0.00
20030227	0.00
20030228	0.00
20030301	0.00
20030302	0.00
20030303	0.00
20030304	0.00
20030305	0.00
20030306	0.00
20030307	0.00
20030308	0.00
20030309	0.00
20030310	0.00
20030311	0.00
20030312	0.00
20030313	0.00
20030314	0.00
20030315	0.00
20030316	0.00
20030317	0.00
20030318	0.00
20030319	0.00
20030320	0.00
20030321	0.00
20030322	0.00
20030323	0.00
20030324	0.00
20030325	0.00
20030326	0.00
20030327	0.00
20030328	0.00
20030329	0.00
20030330	0.00
20030331	0.00
20030401	0.00
20030402	0.00
20030403	0.00
20030404	0.00
20030405	0.00
20030406	0.00
20030407	0.00
20030408	0.00
20030409	0.00
20030410	0.00
20030411	0.00
20030412	0.00
20030413	0.00
20030414	0.00
20030415	0.00
20030416	0.00
20030417	0.00
20030418	0.00
20030419	0.00
20030420	0.00
20030421	0.00
20030422	0.00
20030423	0.00
20030424	0.00
20030425	0.00
20030426	0.00
20030427	0.00
20030428	0.00
20030429	0.00
20030430	0.00
20030501	0.00
20030502	0.00
20030503	0.00
20030504	0.00
20030505	0.00
20030506	0.00
20030507	0.00
20030508	0.00
20030509	0.00
20030510	0.00
20030511	0.00
20030512	0.00
20030513	0.00
20030514	0.00
20030515	0.00
20030516	0.00
20030517	0.00
20030518	0.00
20030519	0.00
20030520	0.00
20030521	0.00
20030522	0.00
20030523	0.00
20030524	0.00
20030525	0.00
20030526	0.00
20030527	0.00
20030528	0.00
20030529	0.00
20030530	0.00
20030531	0.00
20030601	0.00
20030602	0.00
20030603	0.00
20030604	0.00
20030605	0.00
20030606	0.00
20030607	0.00
20030608	0.00
20030609	0.00
20030610	0.00
20030611	0.00
20030612	0.00
20030613	0.00
20030614	0.00
20030615	0.00
20030616	0.00
20030617	0.00
20030618	0.00
20030619	0.00
20030620	0.00
20030621	0.00
20030622	0.00
20030623	0.00
20030624	0.00
20030625	0.00
20030626	0.00
20030627	0.00
20030628	0.00
20030629	0.00
20030630	0.00
20030701	0.00
20030702	0.00
20030703	0.00
20030704	0.00
20030705	0.00
20030706	0.00
20030707	0.00
20030708	0.00
20030709	0.00
20030710	0.00
20030711	0.00
20030712	0.00
20030713	0.00
20030714	0.00
20030715	0.00
20030716	0.00
20030717	0.00
20030718	0.00
20030719	0.00
20030720	0.00
20030721	0.00
20030722	0.00
20030723	0.00
20030724	0.00
20030725	0.00
20030726	0.00
20030727	0.00
20030728	0.00
20030729	0.00
20030730	0.00
20030731	0.00
20030801	0.00
20030802	0.00
20030803	0.00
20030804	0.00
20030805	0.00
20030806	0.00
20030807	0.00
20030808	0.00
20030809	0.00
20030810	0.00
20030811	0.00
20030812	0.00
20030813	0.00
20030814	0.00
20030815	0.00
20030816	0.00
20030817	0.00
20030818	0.00
20030819	0.00
20030820	0.00
20030821	0.00
20030822	0.00
20030823	0.00
20030824	0.00
20030825	0.00
20030826	0.00
20030827	0.00
20030828	0.00
20030829	0.00
20030830	0.00
20030831	0.00
20030901	0.00
20030902	0.00
20030903	0.00
20030904	0.00
20030905	0.00
20030906	0.00
20030907	0.00
20030908	0.00
20030909	0.00
20030910	0.00
20030911	0.00
20030912	0.00
20030913	0.00
20030914	0.00
20030915	0.00
20030916	0.00
20030917	0.00
20030918	0.00
20030919	0.00
20030920	0.00
20030921	0.00
20030922	0.00
20030923	0.00
20030924	0.00
20030925	0.00
20030926	0.00
20030927	0.00
20030928	0.00
20030929	0.00
20030930	0.00
20031001	0.00
20031002	0.00
20031003	0.00
20031004	0.00
20031005	0.00
20031006	0.00
20031007	0.00
20031008	0.00
20031009	0.00
20031010	0.00
20031011	0.00
20031012	0.00
20031013	0.00
20031014	0.00
20031015	0.00
20031016	0.00
20031017	0.00
20031018	0.00
20031019	0.00
20031020	0.00
20031021	0.00
20031022	0.00
20031023	0.00
20031024	0.00
20031025	0.00
20031026	0.00
20031027	0.00
20031028	0.00
20031029	0.00
20031030	0.00
20031031	0.00
20031101	0.00
20031102	0.00
20031103	0.00
20031104	0.00
20031105	0.00
20031106	0.00
20031107	0.00
20031108	0.00
20031109	0.00
20031110	0.00
20031111	0.00
20031112	0.00
20031113	0.00
20031114	0.00
20031115	0.00
20031116	0.00
20031117	0.00
20031118	0.00
20031119	0.00
20031120	0.00
20031121	0.00
20031122	0.00
20031123	0.00
20031124	0.00
20031125	0.00
20031126	0.00
20031127	0.00
20031128	0.00
20031129	0.00
20031130	0.00
20031201	0.00
20031202	0.00
20031203	0.00
20031204	0.00
20031205	0.00
20031206	0.00
20031207	0.00
20031208	0.00
20031209	0.00
20031210	0.00
20031211	0.00
20031212	0.00
20031213	0.00
20031214	0.00
20031215	0.00
20031216	0.00
20031217	0.00
20031218	0.00
20031219	0.00
20031220	0.00
20031221	0.00
20031222	0.00
20031223	0.00
20031224	0.00
20031225	0.00
20031226	0.00
20031227	0.00
20031228	0.00
20031229	0.00
20031230	0.00
20031231	0.00
20040101	0.00
20040102	0.00
20040103	0.00
20040104	0.00
20040105	0.00
20040106	0.00
20040107	0.00
20040108	0.00
20040109	0.00
20040110	0.00
