date	MRYT
19950728	0.45
19950729	1.00
19950730	1.00
19950731	1.00
19950801	1.00
19950802	1.00
19950803	1.00
19950804	1.00
19950805	1.00
19950806	0.99
19950807	1.00
19950808	1.00
19950809	1.00
19950810	1.00
19950811	0.98
19950812	1.00
19950813	1.00
19950814	1.00
19950815	0.98
19950816	1.00
19950817	1.00
19950818	1.00
19950819	1.00
19950820	1.00
19950821	0.93
19950822	1.00
19950823	1.00
19950824	1.00
19950825	1.00
19950826	0.99
19950827	1.00
19950828	1.00
19950829	1.00
19950830	1.00
19950831	1.00
19950901	1.00
19950902	1.00
19950903	0.99
19950904	1.00
19950905	1.00
19950906	1.00
19950907	1.00
19950908	0.99
19950909	0.98
19950910	1.00
19950911	1.00
19950912	1.00
19950913	0.84
19950914	1.00
19950915	0.99
19950916	0.99
19950917	0.99
19950918	1.00
19950919	0.98
19950920	1.00
19950921	1.00
19950922	1.00
19950923	1.00
19950924	0.99
19950925	1.00
19950926	1.00
19950927	1.00
19950928	1.00
19950929	1.00
19950930	0.86
19951001	0.84
19951002	0.99
19951003	0.99
19951004	1.00
19951005	0.99
19951006	1.00
19951007	1.00
19951008	1.00
19951009	1.00
19951010	1.00
19951011	1.00
19951012	1.00
19951013	0.98
19951014	1.00
19951015	1.00
19951016	1.00
19951017	0.83
19951018	1.00
19951019	1.00
19951020	1.00
19951021	1.00
19951022	0.98
19951023	1.00
19951024	1.00
19951025	1.00
19951026	1.00
19951027	1.00
19951028	1.00
19951029	1.00
19951030	1.00
19951031	1.00
19951101	1.00
19951102	0.81
19951103	1.00
19951104	1.00
19951105	0.99
19951106	0.81
19951107	1.00
19951108	1.00
19951109	1.00
19951110	1.00
19951111	1.00
19951112	1.00
19951113	1.00
19951114	1.00
19951115	1.00
19951116	1.00
19951117	1.00
19951118	1.00
19951119	0.96
19951120	1.00
19951121	1.00
19951122	0.98
19951123	1.00
19951124	1.00
19951125	1.00
19951126	1.00
19951127	1.00
19951128	1.00
19951129	1.00
19951130	1.00
19951201	0.75
19951202	0.46
19951203	1.00
19951204	1.00
19951205	1.00
19951206	1.00
19951207	1.00
19951208	0.99
19951209	1.00
19951210	1.00
19951211	1.00
19951212	1.00
19951213	1.00
19951214	0.90
19951215	1.00
19951216	1.00
19951217	1.00
19951218	1.00
19951219	1.00
19951220	1.00
19951221	1.00
19951222	1.00
19951223	1.00
19951224	1.00
19951225	1.00
19951226	1.00
19951227	1.00
19951228	1.00
19951229	1.00
19951230	1.00
19951231	0.99
19960101	1.00
19960102	1.00
19960103	1.00
19960104	1.00
19960105	1.00
19960106	1.00
19960107	0.97
19960108	1.00
19960109	1.00
19960110	0.18
19960111	0.00
19960112	0.09
19960113	1.00
19960114	1.00
19960115	1.00
19960116	1.00
19960117	0.99
19960118	0.94
19960119	1.00
19960120	1.00
19960121	1.00
19960122	1.00
19960123	1.00
19960124	0.99
19960125	0.91
19960126	1.00
19960127	1.00
19960128	0.99
19960129	1.00
19960130	1.00
19960131	0.98
19960201	1.00
19960202	1.00
19960203	1.00
19960204	1.00
19960205	1.00
19960206	1.00
19960207	0.95
19960208	1.00
19960209	1.00
19960210	1.00
19960211	1.00
19960212	1.00
19960213	1.00
19960214	1.00
19960215	1.00
19960216	1.00
19960217	1.00
19960218	1.00
19960219	1.00
19960220	1.00
19960221	1.00
19960222	1.00
19960223	1.00
19960224	1.00
19960225	1.00
19960226	1.00
19960227	1.00
19960228	1.00
19960229	1.00
19960301	1.00
19960302	1.00
19960303	1.00
19960304	1.00
19960305	1.00
19960306	1.00
19960307	1.00
19960308	1.00
19960309	1.00
19960310	1.00
19960311	1.00
19960312	1.00
19960313	1.00
19960314	1.00
19960315	1.00
19960316	1.00
19960317	1.00
19960318	1.00
19960319	1.00
19960320	1.00
19960321	1.00
19960322	1.00
19960323	1.00
19960324	1.00
19960325	1.00
19960326	1.00
19960327	1.00
19960328	1.00
19960329	1.00
19960330	1.00
19960331	1.00
19960401	0.99
19960402	1.00
19960403	1.00
19960404	1.00
19960405	1.00
19960406	1.00
19960407	1.00
19960408	1.00
19960409	1.00
19960410	1.00
19960411	1.00
19960412	1.00
19960413	0.99
19960414	1.00
19960415	1.00
19960416	1.00
19960417	1.00
19960418	0.98
19960419	1.00
19960420	1.00
19960421	1.00
19960422	1.00
19960423	1.00
19960424	1.00
19960425	1.00
19960426	1.00
19960427	1.00
19960428	1.00
19960429	1.00
19960430	1.00
19960501	1.00
19960502	1.00
19960503	1.00
19960504	1.00
19960505	1.00
19960506	1.00
19960507	1.00
19960508	1.00
19960509	1.00
19960510	1.00
19960511	1.00
19960512	1.00
19960513	0.99
19960514	1.00
19960515	1.00
19960516	1.00
19960517	1.00
19960518	1.00
19960519	1.00
19960520	1.00
19960521	1.00
19960522	1.00
19960523	1.00
19960524	1.00
19960525	1.00
19960526	1.00
19960527	1.00
19960528	1.00
19960529	1.00
19960530	1.00
19960531	1.00
19960601	1.00
19960602	1.00
19960603	1.00
19960604	0.99
19960605	1.00
19960606	1.00
19960607	1.00
19960608	1.00
19960609	1.00
19960610	1.00
19960611	1.00
19960612	1.00
19960613	1.00
19960614	1.00
19960615	1.00
19960616	1.00
19960617	1.00
19960618	1.00
19960619	1.00
19960620	1.00
19960621	1.00
19960622	1.00
19960623	1.00
19960624	1.00
19960625	0.96
19960626	1.00
19960627	1.00
19960628	1.00
19960629	1.00
19960630	1.00
19960701	1.00
19960702	1.00
19960703	1.00
19960704	1.00
19960705	1.00
19960706	1.00
19960707	1.00
19960708	1.00
19960709	1.00
19960710	0.95
19960711	0.95
19960712	0.90
19960713	0.99
19960714	1.00
19960715	1.00
19960716	1.00
19960717	1.00
19960718	1.00
19960719	1.00
19960720	1.00
19960721	1.00
19960722	1.00
19960723	1.00
19960724	1.00
19960725	1.00
19960726	1.00
19960727	1.00
19960728	1.00
19960729	1.00
19960730	1.00
19960731	1.00
19960801	1.00
19960802	1.00
19960803	1.00
19960804	1.00
19960805	0.95
19960806	1.00
19960807	1.00
19960808	1.00
19960809	1.00
19960810	1.00
19960811	1.00
19960812	1.00
19960813	1.00
19960814	1.00
19960815	0.99
19960816	0.99
19960817	1.00
19960818	0.98
19960819	1.00
19960820	1.00
19960821	1.00
19960822	1.00
19960823	1.00
19960824	1.00
19960825	1.00
19960826	1.00
19960827	1.00
19960828	1.00
19960829	1.00
19960830	1.00
19960831	1.00
19960901	1.00
19960902	1.00
19960903	0.94
19960904	1.00
19960905	0.99
19960906	1.00
19960907	1.00
19960908	0.97
19960909	1.00
19960910	1.00
19960911	1.00
19960912	1.00
19960913	1.00
19960914	1.00
19960915	0.99
19960916	0.97
19960917	0.96
19960918	0.99
19960919	1.00
19960920	1.00
19960921	1.00
19960922	1.00
19960923	1.00
19960924	1.00
19960925	1.00
19960926	1.00
19960927	1.00
19960928	1.00
19960929	1.00
19960930	1.00
19961001	0.98
19961002	1.00
19961003	1.00
19961004	1.00
19961005	1.00
19961006	1.00
19961007	1.00
19961008	1.00
19961009	0.99
19961010	1.00
19961011	1.00
19961012	1.00
19961013	1.00
19961014	1.00
19961015	1.00
19961016	1.00
19961017	1.00
19961018	1.00
19961019	1.00
19961020	1.00
19961021	1.00
19961022	1.00
19961023	1.00
19961024	1.00
19961025	1.00
19961026	1.00
19961027	1.00
19961028	1.00
19961029	1.00
19961030	1.00
19961031	1.00
19961101	1.00
19961102	1.00
19961103	1.00
19961104	1.00
19961105	0.99
19961106	1.00
19961107	1.00
19961108	1.00
19961109	1.00
19961110	1.00
19961111	1.00
19961112	0.99
19961113	1.00
19961114	1.00
19961115	1.00
19961116	1.00
19961117	1.00
19961118	1.00
19961119	1.00
19961120	1.00
19961121	1.00
19961122	1.00
19961123	1.00
19961124	1.00
19961125	1.00
19961126	0.98
19961127	1.00
19961128	1.00
19961129	1.00
19961130	1.00
19961201	1.00
19961202	1.00
19961203	1.00
19961204	1.00
19961205	1.00
19961206	1.00
19961207	1.00
19961208	1.00
19961209	1.00
19961210	1.00
19961211	1.00
19961212	1.00
19961213	1.00
19961214	1.00
19961215	1.00
19961216	1.00
19961217	1.00
19961218	1.00
19961219	1.00
19961220	1.00
19961221	1.00
19961222	0.99
19961223	1.00
19961224	1.00
19961225	1.00
19961226	1.00
19961227	1.00
19961228	1.00
19961229	1.00
19961230	1.00
19961231	0.98
19970101	1.00
19970102	1.00
19970103	1.00
19970104	1.00
19970105	1.00
19970106	1.00
19970107	1.00
19970108	1.00
19970109	1.00
19970110	1.00
19970111	0.98
19970112	1.00
19970113	1.00
19970114	1.00
19970115	1.00
19970116	0.80
19970117	1.00
19970118	1.00
19970119	1.00
19970120	1.00
19970121	1.00
19970122	1.00
19970123	1.00
19970124	1.00
19970125	1.00
19970126	1.00
19970127	1.00
19970128	1.00
19970129	1.00
19970130	1.00
19970131	1.00
19970201	1.00
19970202	1.00
19970203	1.00
19970204	1.00
19970205	1.00
19970206	1.00
19970207	0.99
19970208	0.99
19970209	1.00
19970210	1.00
19970211	1.00
19970212	1.00
19970213	1.00
19970214	1.00
19970215	1.00
19970216	1.00
19970217	1.00
19970218	1.00
19970219	1.00
19970220	1.00
19970221	1.00
19970222	1.00
19970223	1.00
19970224	1.00
19970225	1.00
19970226	1.00
19970227	1.00
19970228	1.00
19970301	1.00
19970302	1.00
19970303	1.00
19970304	1.00
19970305	1.00
19970306	1.00
19970307	1.00
19970308	1.00
19970309	1.00
19970310	1.00
19970311	1.00
19970312	1.00
19970313	1.00
19970314	1.00
19970315	1.00
19970316	1.00
19970317	1.00
19970318	1.00
19970319	1.00
19970320	1.00
19970321	1.00
19970322	1.00
19970323	1.00
19970324	1.00
19970325	1.00
19970326	1.00
19970327	1.00
19970328	1.00
19970329	1.00
19970330	1.00
19970331	1.00
19970401	1.00
19970402	1.00
19970403	1.00
19970404	1.00
19970405	1.00
19970406	1.00
19970407	1.00
19970408	1.00
19970409	1.00
19970410	1.00
19970411	1.00
19970412	1.00
19970413	1.00
19970414	1.00
19970415	1.00
19970416	1.00
19970417	1.00
19970418	1.00
19970419	1.00
19970420	1.00
19970421	1.00
19970422	1.00
19970423	1.00
19970424	1.00
19970425	1.00
19970426	1.00
19970427	1.00
19970428	1.00
19970429	1.00
19970430	1.00
19970501	1.00
19970502	1.00
19970503	1.00
19970504	1.00
19970505	1.00
19970506	1.00
19970507	1.00
19970508	1.00
19970509	1.00
19970510	1.00
19970511	1.00
19970512	0.97
19970513	1.00
19970514	1.00
19970515	1.00
19970516	1.00
19970517	1.00
19970518	1.00
19970519	1.00
19970520	1.00
19970521	0.99
19970522	1.00
19970523	1.00
19970524	1.00
19970525	1.00
19970526	1.00
19970527	1.00
19970528	1.00
19970529	1.00
19970530	1.00
19970531	1.00
19970601	1.00
19970602	1.00
19970603	1.00
19970604	1.00
19970605	1.00
19970606	1.00
19970607	1.00
19970608	1.00
19970609	1.00
19970610	1.00
19970611	1.00
19970612	1.00
19970613	1.00
19970614	1.00
19970615	1.00
19970616	1.00
19970617	1.00
19970618	1.00
19970619	1.00
19970620	1.00
19970621	1.00
19970622	1.00
19970623	1.00
19970624	1.00
19970625	1.00
19970626	1.00
19970627	1.00
19970628	1.00
19970629	1.00
19970630	1.00
19970701	0.99
19970702	1.00
19970703	1.00
19970704	1.00
19970705	1.00
19970706	1.00
19970707	1.00
19970708	1.00
19970709	1.00
19970710	1.00
19970711	1.00
19970712	1.00
19970713	0.99
19970714	1.00
19970715	1.00
19970716	1.00
19970717	1.00
19970718	1.00
19970719	1.00
19970720	1.00
19970721	1.00
19970722	1.00
19970723	1.00
19970724	1.00
19970725	1.00
19970726	1.00
19970727	1.00
19970728	1.00
19970729	1.00
19970730	1.00
19970731	1.00
19970801	1.00
19970802	1.00
19970803	1.00
19970804	1.00
19970805	1.00
19970806	1.00
19970807	1.00
19970808	1.00
19970809	1.00
19970810	1.00
19970811	1.00
19970812	1.00
19970813	1.00
19970814	1.00
19970815	1.00
19970816	0.95
19970817	1.00
19970818	1.00
19970819	1.00
19970820	1.00
19970821	1.00
19970822	1.00
19970823	1.00
19970824	1.00
19970825	1.00
19970826	1.00
19970827	1.00
19970828	1.00
19970829	1.00
19970830	1.00
19970831	1.00
19970901	1.00
19970902	1.00
19970903	1.00
19970904	1.00
19970905	0.96
19970906	0.57
19970907	0.97
19970908	1.00
19970909	1.00
19970910	1.00
19970911	1.00
19970912	1.00
19970913	0.90
19970914	1.00
19970915	0.85
19970916	1.00
19970917	1.00
19970918	1.00
19970919	1.00
19970920	1.00
19970921	1.00
19970922	1.00
19970923	1.00
19970924	1.00
19970925	1.00
19970926	1.00
19970927	1.00
19970928	1.00
19970929	1.00
19970930	1.00
19971001	1.00
19971002	0.99
19971003	1.00
19971004	1.00
19971005	1.00
19971006	1.00
19971007	0.85
19971008	1.00
19971009	1.00
19971010	1.00
19971011	1.00
19971012	1.00
19971013	1.00
19971014	1.00
19971015	1.00
19971016	1.00
19971017	1.00
19971018	1.00
19971019	1.00
19971020	1.00
19971021	1.00
19971022	1.00
19971023	1.00
19971024	1.00
19971025	0.83
19971026	1.00
19971027	1.00
19971028	0.98
19971029	1.00
19971030	1.00
19971031	1.00
19971101	1.00
19971102	1.00
19971103	1.00
19971104	1.00
19971105	1.00
19971106	1.00
19971107	0.85
19971108	1.00
19971109	1.00
19971110	1.00
19971111	1.00
19971112	1.00
19971113	1.00
19971114	1.00
19971115	1.00
19971116	1.00
19971117	0.99
19971118	1.00
19971119	1.00
19971120	1.00
19971121	1.00
19971122	1.00
19971123	1.00
19971124	1.00
19971125	1.00
19971126	1.00
19971127	1.00
19971128	1.00
19971129	1.00
19971130	1.00
19971201	1.00
19971202	1.00
19971203	0.58
19971204	0.00
19971205	0.00
19971206	0.00
19971207	0.00
19971208	0.00
19971209	0.00
19971210	0.00
19971211	0.00
19971212	0.00
19971213	0.00
19971214	0.00
19971215	0.00
19971216	0.00
19971217	0.00
19971218	0.00
19971219	0.00
19971220	0.00
19971221	0.00
19971222	0.00
19971223	0.00
19971224	0.00
19971225	0.00
19971226	0.00
19971227	0.00
19971228	0.00
19971229	0.00
19971230	0.00
19971231	0.00
19980101	0.00
19980102	0.00
19980103	0.00
19980104	0.05
19980105	0.95
19980106	1.00
19980107	1.00
19980108	1.00
19980109	1.00
19980110	1.00
19980111	1.00
19980112	1.00
19980113	1.00
19980114	1.00
19980115	1.00
19980116	1.00
19980117	0.98
19980118	1.00
19980119	1.00
19980120	1.00
19980121	1.00
19980122	1.00
19980123	1.00
19980124	1.00
19980125	1.00
19980126	1.00
19980127	1.00
19980128	1.00
19980129	1.00
19980130	0.97
19980131	0.95
19980201	1.00
19980202	1.00
19980203	1.00
19980204	1.00
19980205	1.00
19980206	1.00
19980207	1.00
19980208	1.00
19980209	1.00
19980210	1.00
19980211	1.00
19980212	1.00
19980213	1.00
19980214	1.00
19980215	1.00
19980216	1.00
19980217	1.00
19980218	1.00
19980219	1.00
19980220	1.00
19980221	1.00
19980222	1.00
19980223	1.00
19980224	1.00
19980225	1.00
19980226	1.00
19980227	1.00
19980228	1.00
19980301	1.00
19980302	1.00
19980303	1.00
19980304	1.00
19980305	1.00
19980306	1.00
19980307	1.00
19980308	1.00
19980309	1.00
19980310	1.00
19980311	1.00
19980312	1.00
19980313	1.00
19980314	1.00
19980315	1.00
19980316	1.00
19980317	1.00
19980318	1.00
19980319	1.00
19980320	1.00
19980321	1.00
19980322	1.00
19980323	1.00
19980324	1.00
19980325	1.00
19980326	1.00
19980327	1.00
19980328	1.00
19980329	1.00
19980330	1.00
19980331	1.00
19980401	1.00
19980402	1.00
19980403	1.00
19980404	1.00
19980405	1.00
19980406	1.00
19980407	1.00
19980408	1.00
19980409	1.00
19980410	1.00
19980411	1.00
19980412	1.00
19980413	1.00
19980414	1.00
19980415	0.98
19980416	1.00
19980417	1.00
19980418	1.00
19980419	1.00
19980420	1.00
19980421	1.00
19980422	1.00
19980423	1.00
19980424	1.00
19980425	1.00
19980426	1.00
19980427	1.00
19980428	1.00
19980429	1.00
19980430	1.00
19980501	1.00
19980502	1.00
19980503	1.00
19980504	1.00
19980505	1.00
19980506	1.00
19980507	1.00
19980508	1.00
19980509	1.00
19980510	1.00
19980511	1.00
19980512	1.00
19980513	0.96
19980514	1.00
19980515	1.00
19980516	1.00
19980517	1.00
19980518	1.00
19980519	1.00
19980520	1.00
19980521	1.00
19980522	1.00
19980523	1.00
19980524	1.00
19980525	0.98
19980526	1.00
19980527	1.00
19980528	1.00
19980529	1.00
19980530	1.00
19980531	1.00
19980601	1.00
19980602	1.00
19980603	1.00
19980604	1.00
19980605	1.00
19980606	1.00
19980607	1.00
19980608	1.00
19980609	1.00
19980610	1.00
19980611	1.00
19980612	1.00
19980613	1.00
19980614	1.00
19980615	1.00
19980616	1.00
19980617	1.00
19980618	1.00
19980619	1.00
19980620	0.99
19980621	1.00
19980622	1.00
19980623	1.00
19980624	1.00
19980625	1.00
19980626	1.00
19980627	0.96
19980628	1.00
19980629	1.00
19980630	1.00
19980701	1.00
19980702	1.00
19980703	1.00
19980704	1.00
19980705	1.00
19980706	1.00
19980707	1.00
19980708	1.00
19980709	1.00
19980710	1.00
19980711	1.00
19980712	1.00
19980713	1.00
19980714	1.00
19980715	1.00
19980716	1.00
19980717	1.00
19980718	1.00
19980719	1.00
19980720	1.00
19980721	1.00
19980722	1.00
19980723	1.00
19980724	1.00
19980725	1.00
19980726	1.00
19980727	1.00
19980728	1.00
19980729	1.00
19980730	1.00
19980731	1.00
19980801	1.00
19980802	1.00
19980803	1.00
19980804	1.00
19980805	1.00
19980806	0.98
19980807	1.00
19980808	1.00
19980809	1.00
19980810	1.00
19980811	1.00
19980812	1.00
19980813	1.00
19980814	1.00
19980815	1.00
19980816	1.00
19980817	1.00
19980818	1.00
19980819	1.00
19980820	1.00
19980821	1.00
19980822	1.00
19980823	1.00
19980824	1.00
19980825	0.64
19980826	1.00
19980827	1.00
19980828	0.74
19980829	1.00
19980830	1.00
19980831	1.00
19980901	1.00
19980902	1.00
19980903	1.00
19980904	1.00
19980905	1.00
19980906	1.00
19980907	1.00
19980908	0.94
19980909	1.00
19980910	1.00
19980911	1.00
19980912	1.00
19980913	1.00
19980914	1.00
19980915	1.00
19980916	1.00
19980917	1.00
19980918	1.00
19980919	1.00
19980920	0.63
19980921	0.00
19980922	0.37
19980923	0.99
19980924	1.00
19980925	1.00
19980926	1.00
19980927	1.00
19980928	1.00
19980929	1.00
19980930	1.00
19981001	1.00
19981002	1.00
19981003	1.00
19981004	1.00
19981005	1.00
19981006	1.00
19981007	1.00
19981008	1.00
19981009	1.00
19981010	1.00
19981011	1.00
19981012	1.00
19981013	1.00
19981014	1.00
19981015	1.00
19981016	1.00
19981017	1.00
19981018	1.00
19981019	1.00
19981020	1.00
19981021	1.00
19981022	1.00
19981023	1.00
19981024	1.00
19981025	1.00
19981026	1.00
19981027	1.00
19981028	1.00
19981029	1.00
19981030	1.00
19981031	1.00
19981101	1.00
19981102	1.00
19981103	1.00
19981104	1.00
19981105	1.00
19981106	1.00
19981107	1.00
19981108	1.00
19981109	1.00
19981110	1.00
19981111	1.00
19981112	0.99
19981113	1.00
19981114	1.00
19981115	1.00
19981116	1.00
19981117	1.00
19981118	1.00
19981119	1.00
19981120	1.00
19981121	1.00
19981122	1.00
19981123	1.00
19981124	1.00
19981125	1.00
19981126	1.00
19981127	1.00
19981128	1.00
19981129	0.87
19981130	1.00
19981201	1.00
19981202	1.00
19981203	1.00
19981204	1.00
19981205	1.00
19981206	1.00
19981207	1.00
19981208	1.00
19981209	0.99
19981210	1.00
19981211	1.00
19981212	1.00
19981213	1.00
19981214	1.00
19981215	1.00
19981216	1.00
19981217	1.00
19981218	1.00
19981219	1.00
19981220	1.00
19981221	1.00
19981222	1.00
19981223	1.00
19981224	1.00
19981225	1.00
19981226	1.00
19981227	1.00
19981228	1.00
19981229	1.00
19981230	1.00
19981231	1.00
19990101	1.00
19990102	1.00
19990103	1.00
19990104	1.00
19990105	1.00
19990106	1.00
19990107	1.00
19990108	1.00
19990109	1.00
19990110	1.00
19990111	1.00
19990112	1.00
19990113	1.00
19990114	1.00
19990115	1.00
19990116	1.00
19990117	1.00
19990118	1.00
19990119	1.00
19990120	1.00
19990121	1.00
19990122	1.00
19990123	1.00
19990124	1.00
19990125	1.00
19990126	1.00
19990127	1.00
19990128	1.00
19990129	1.00
19990130	1.00
19990131	1.00
19990201	1.00
19990202	0.94
19990203	0.99
19990204	1.00
19990205	1.00
19990206	1.00
19990207	1.00
19990208	1.00
19990209	1.00
19990210	1.00
19990211	1.00
19990212	1.00
19990213	1.00
19990214	1.00
19990215	1.00
19990216	1.00
19990217	1.00
19990218	1.00
19990219	1.00
19990220	1.00
19990221	1.00
19990222	1.00
19990223	1.00
19990224	1.00
19990225	1.00
19990226	1.00
19990227	1.00
19990228	1.00
19990301	1.00
19990302	1.00
19990303	1.00
19990304	0.97
19990305	1.00
19990306	1.00
19990307	1.00
19990308	1.00
19990309	1.00
19990310	1.00
19990311	0.93
19990312	1.00
19990313	1.00
19990314	1.00
19990315	1.00
19990316	1.00
19990317	1.00
19990318	1.00
19990319	1.00
19990320	1.00
19990321	1.00
19990322	1.00
19990323	1.00
19990324	1.00
19990325	1.00
19990326	1.00
19990327	0.95
19990328	0.88
19990329	0.98
19990330	1.00
19990331	1.00
19990401	1.00
19990402	1.00
19990403	1.00
19990404	1.00
19990405	1.00
19990406	1.00
19990407	1.00
19990408	1.00
19990409	1.00
19990410	1.00
19990411	1.00
19990412	1.00
19990413	1.00
19990414	1.00
19990415	1.00
19990416	1.00
19990417	1.00
19990418	1.00
19990419	1.00
19990420	1.00
19990421	1.00
19990422	1.00
19990423	1.00
19990424	1.00
19990425	1.00
19990426	1.00
19990427	1.00
19990428	1.00
19990429	1.00
19990430	1.00
19990501	0.50
19990502	1.00
19990503	1.00
19990504	1.00
19990505	1.00
19990506	1.00
19990507	1.00
19990508	1.00
19990509	1.00
19990510	1.00
19990511	1.00
19990512	1.00
19990513	1.00
19990514	1.00
19990515	1.00
19990516	1.00
19990517	1.00
19990518	1.00
19990519	1.00
19990520	1.00
19990521	1.00
19990522	1.00
19990523	1.00
19990524	1.00
19990525	1.00
19990526	1.00
19990527	1.00
19990528	1.00
19990529	1.00
19990530	1.00
19990531	1.00
19990601	1.00
19990602	1.00
19990603	1.00
19990604	1.00
19990605	1.00
19990606	1.00
19990607	1.00
19990608	1.00
19990609	1.00
19990610	1.00
19990611	1.00
19990612	1.00
19990613	1.00
19990614	1.00
19990615	1.00
19990616	1.00
19990617	1.00
19990618	1.00
19990619	1.00
19990620	1.00
19990621	1.00
19990622	1.00
19990623	1.00
19990624	1.00
19990625	0.99
19990626	1.00
19990627	1.00
19990628	1.00
19990629	1.00
19990630	1.00
19990701	1.00
19990702	1.00
19990703	1.00
19990704	1.00
19990705	1.00
19990706	1.00
19990707	1.00
19990708	1.00
19990709	1.00
19990710	1.00
19990711	1.00
19990712	1.00
19990713	1.00
19990714	1.00
19990715	1.00
19990716	1.00
19990717	1.00
19990718	1.00
19990719	1.00
19990720	1.00
19990721	0.55
19990722	1.00
19990723	1.00
19990724	1.00
19990725	1.00
19990726	1.00
19990727	1.00
19990728	1.00
19990729	1.00
19990730	1.00
19990731	1.00
19990801	1.00
19990802	1.00
19990803	1.00
19990804	1.00
19990805	1.00
19990806	1.00
19990807	1.00
19990808	1.00
19990809	1.00
19990810	1.00
19990811	1.00
19990812	1.00
19990813	1.00
19990814	1.00
19990815	1.00
19990816	1.00
19990817	1.00
19990818	1.00
19990819	1.00
19990820	1.00
19990821	1.00
19990822	1.00
19990823	1.00
19990824	1.00
19990825	1.00
19990826	1.00
19990827	1.00
19990828	1.00
19990829	1.00
19990830	1.00
19990831	1.00
19990901	1.00
19990902	1.00
19990903	1.00
19990904	1.00
19990905	1.00
19990906	1.00
19990907	1.00
19990908	1.00
19990909	1.00
19990910	1.00
19990911	1.00
19990912	1.00
19990913	1.00
19990914	1.00
19990915	1.00
19990916	1.00
19990917	1.00
19990918	1.00
19990919	1.00
19990920	1.00
19990921	1.00
19990922	1.00
19990923	1.00
19990924	1.00
19990925	0.63
19990926	0.00
19990927	0.13
19990928	0.64
19990929	0.00
19990930	0.45
19991001	1.00
19991002	1.00
19991003	1.00
19991004	1.00
19991005	1.00
19991006	1.00
19991007	1.00
19991008	1.00
19991009	1.00
19991010	1.00
19991011	0.76
19991012	1.00
19991013	1.00
19991014	1.00
19991015	1.00
19991016	1.00
19991017	1.00
19991018	1.00
19991019	1.00
19991020	1.00
19991021	0.64
19991022	0.99
19991023	1.00
19991024	1.00
19991025	1.00
19991026	1.00
19991027	1.00
19991028	0.85
19991029	1.00
19991030	1.00
19991031	1.00
19991101	1.00
19991102	1.00
19991103	1.00
19991104	1.00
19991105	1.00
19991106	1.00
19991107	1.00
19991108	1.00
19991109	1.00
19991110	1.00
19991111	1.00
19991112	1.00
19991113	1.00
19991114	1.00
19991115	1.00
19991116	1.00
19991117	1.00
19991118	0.44
19991119	0.99
19991120	1.00
19991121	1.00
19991122	0.78
19991123	1.00
19991124	1.00
19991125	1.00
19991126	1.00
19991127	1.00
19991128	1.00
19991129	1.00
19991130	0.86
19991201	0.24
19991202	1.00
19991203	1.00
19991204	1.00
19991205	1.00
19991206	0.95
19991207	1.00
19991208	1.00
19991209	1.00
19991210	0.99
19991211	1.00
19991212	1.00
19991213	1.00
19991214	1.00
19991215	1.00
19991216	1.00
19991217	1.00
19991218	1.00
19991219	1.00
19991220	1.00
19991221	1.00
19991222	1.00
19991223	1.00
19991224	1.00
19991225	1.00
19991226	1.00
19991227	1.00
19991228	1.00
19991229	1.00
19991230	1.00
19991231	1.00
20000101	1.00
20000102	1.00
20000103	1.00
20000104	1.00
20000105	1.00
20000106	1.00
20000107	1.00
20000108	1.00
20000109	1.00
20000110	1.00
20000111	1.00
20000112	1.00
20000113	1.00
20000114	1.00
20000115	1.00
20000116	1.00
20000117	1.00
20000118	1.00
20000119	1.00
20000120	1.00
20000121	1.00
20000122	1.00
20000123	1.00
20000124	1.00
20000125	1.00
20000126	1.00
20000127	1.00
20000128	1.00
20000129	1.00
20000130	1.00
20000131	1.00
20000201	1.00
20000202	1.00
20000203	1.00
20000204	1.00
20000205	1.00
20000206	1.00
20000207	1.00
20000208	1.00
20000209	1.00
20000210	1.00
20000211	1.00
20000212	1.00
20000213	1.00
20000214	1.00
20000215	1.00
20000216	1.00
20000217	1.00
20000218	1.00
20000219	1.00
20000220	1.00
20000221	1.00
20000222	1.00
20000223	1.00
20000224	1.00
20000225	1.00
20000226	1.00
20000227	1.00
20000228	1.00
20000229	1.00
20000301	1.00
20000302	1.00
20000303	1.00
20000304	1.00
20000305	1.00
20000306	1.00
20000307	1.00
20000308	1.00
20000309	1.00
20000310	1.00
20000311	1.00
20000312	1.00
20000313	1.00
20000314	1.00
20000315	1.00
20000316	0.97
20000317	0.46
20000318	1.00
20000319	1.00
20000320	1.00
20000321	1.00
20000322	1.00
20000323	1.00
20000324	1.00
20000325	1.00
20000326	1.00
20000327	1.00
20000328	1.00
20000329	1.00
20000330	1.00
20000331	1.00
20000401	1.00
20000402	1.00
20000403	1.00
20000404	1.00
20000405	1.00
20000406	1.00
20000407	1.00
20000408	1.00
20000409	1.00
20000410	1.00
20000411	1.00
20000412	1.00
20000413	1.00
20000414	1.00
20000415	1.00
20000416	1.00
20000417	1.00
20000418	1.00
20000419	1.00
20000420	1.00
20000421	1.00
20000422	1.00
20000423	1.00
20000424	1.00
20000425	1.00
20000426	0.51
20000427	1.00
20000428	1.00
20000429	1.00
20000430	1.00
20000501	1.00
20000502	1.00
20000503	1.00
20000504	1.00
20000505	1.00
20000506	1.00
20000507	1.00
20000508	1.00
20000509	1.00
20000510	1.00
20000511	1.00
20000512	1.00
20000513	1.00
20000514	1.00
20000515	1.00
20000516	1.00
20000517	1.00
20000518	0.81
20000519	1.00
20000520	1.00
20000521	1.00
20000522	1.00
20000523	1.00
20000524	1.00
20000525	1.00
20000526	1.00
20000527	1.00
20000528	1.00
20000529	1.00
20000530	1.00
20000531	1.00
20000601	1.00
20000602	1.00
20000603	1.00
20000604	1.00
20000605	1.00
20000606	1.00
20000607	1.00
20000608	1.00
20000609	1.00
20000610	0.80
20000611	0.98
20000612	1.00
20000613	1.00
20000614	1.00
20000615	1.00
20000616	0.99
20000617	1.00
20000618	1.00
20000619	1.00
20000620	1.00
20000621	1.00
20000622	0.91
20000623	0.44
20000624	1.00
20000625	1.00
20000626	1.00
20000627	1.00
20000628	1.00
20000629	1.00
20000630	1.00
20000701	1.00
20000702	1.00
20000703	1.00
20000704	1.00
20000705	1.00
20000706	0.65
20000707	1.00
20000708	1.00
20000709	1.00
20000710	1.00
20000711	1.00
20000712	1.00
20000713	1.00
20000714	1.00
20000715	1.00
20000716	1.00
20000717	1.00
20000718	1.00
20000719	1.00
20000720	1.00
20000721	1.00
20000722	1.00
20000723	1.00
20000724	1.00
20000725	1.00
20000726	1.00
20000727	1.00
20000728	1.00
20000729	0.52
20000730	1.00
20000731	1.00
20000801	1.00
20000802	1.00
20000803	1.00
20000804	1.00
20000805	1.00
20000806	1.00
20000807	1.00
20000808	1.00
20000809	1.00
20000810	1.00
20000811	1.00
20000812	1.00
20000813	1.00
20000814	1.00
20000815	1.00
20000816	1.00
20000817	1.00
20000818	1.00
20000819	1.00
20000820	1.00
20000821	1.00
20000822	1.00
20000823	1.00
20000824	1.00
20000825	1.00
20000826	1.00
20000827	1.00
20000828	1.00
20000829	1.00
20000830	1.00
20000831	1.00
20000901	1.00
20000902	1.00
20000903	1.00
20000904	1.00
20000905	1.00
20000906	1.00
20000907	1.00
20000908	1.00
20000909	1.00
20000910	0.99
20000911	1.00
20000912	1.00
20000913	1.00
20000914	1.00
20000915	1.00
20000916	1.00
20000917	1.00
20000918	1.00
20000919	1.00
20000920	1.00
20000921	1.00
20000922	1.00
20000923	1.00
20000924	1.00
20000925	1.00
20000926	1.00
20000927	1.00
20000928	1.00
20000929	1.00
20000930	1.00
20001001	1.00
20001002	1.00
20001003	1.00
20001004	1.00
20001005	1.00
20001006	1.00
20001007	1.00
20001008	1.00
20001009	1.00
20001010	1.00
20001011	1.00
20001012	1.00
20001013	1.00
20001014	1.00
20001015	1.00
20001016	1.00
20001017	1.00
20001018	1.00
20001019	1.00
20001020	1.00
20001021	1.00
20001022	1.00
20001023	1.00
20001024	1.00
20001025	1.00
20001026	1.00
20001027	1.00
20001028	1.00
20001029	1.00
20001030	1.00
20001031	1.00
20001101	1.00
20001102	1.00
20001103	1.00
20001104	1.00
20001105	1.00
20001106	1.00
20001107	1.00
20001108	1.00
20001109	1.00
20001110	1.00
20001111	1.00
20001112	1.00
20001113	1.00
20001114	1.00
20001115	1.00
20001116	1.00
20001117	0.97
20001118	1.00
20001119	1.00
20001120	1.00
20001121	0.83
20001122	1.00
20001123	1.00
20001124	1.00
20001125	1.00
20001126	1.00
20001127	1.00
20001128	1.00
20001129	1.00
20001130	1.00
20001201	1.00
20001202	1.00
20001203	1.00
20001204	1.00
20001205	1.00
20001206	1.00
20001207	1.00
20001208	1.00
20001209	1.00
20001210	1.00
20001211	1.00
20001212	1.00
20001213	1.00
20001214	1.00
20001215	1.00
20001216	1.00
20001217	1.00
20001218	1.00
20001219	1.00
20001220	1.00
20001221	1.00
20001222	1.00
20001223	1.00
20001224	1.00
20001225	1.00
20001226	1.00
20001227	1.00
20001228	1.00
20001229	1.00
20001230	1.00
20001231	1.00
20010101	1.00
20010102	1.00
20010103	1.00
20010104	1.00
20010105	1.00
20010106	1.00
20010107	1.00
20010108	1.00
20010109	1.00
20010110	1.00
20010111	1.00
20010112	1.00
20010113	1.00
20010114	1.00
20010115	1.00
20010116	1.00
20010117	1.00
20010118	1.00
20010119	1.00
20010120	1.00
20010121	1.00
20010122	1.00
20010123	1.00
20010124	1.00
20010125	1.00
20010126	1.00
20010127	1.00
20010128	1.00
20010129	1.00
20010130	1.00
20010131	1.00
20010201	1.00
20010202	1.00
20010203	1.00
20010204	1.00
20010205	1.00
20010206	1.00
20010207	1.00
20010208	1.00
20010209	1.00
20010210	1.00
20010211	1.00
20010212	1.00
20010213	1.00
20010214	1.00
20010215	0.98
20010216	0.97
20010217	1.00
20010218	1.00
20010219	1.00
20010220	1.00
20010221	1.00
20010222	1.00
20010223	1.00
20010224	1.00
20010225	1.00
20010226	1.00
20010227	1.00
20010228	1.00
20010301	1.00
20010302	1.00
20010303	1.00
20010304	1.00
20010305	1.00
20010306	1.00
20010307	1.00
20010308	1.00
20010309	1.00
20010310	1.00
20010311	1.00
20010312	1.00
20010313	1.00
20010314	1.00
20010315	1.00
20010316	1.00
20010317	1.00
20010318	1.00
20010319	1.00
20010320	1.00
20010321	0.84
20010322	0.00
20010323	0.05
20010324	1.00
20010325	1.00
20010326	1.00
20010327	1.00
20010328	1.00
20010329	0.19
20010330	0.00
20010331	0.00
20010401	0.00
20010402	0.00
20010403	0.40
20010404	1.00
20010405	1.00
20010406	1.00
20010407	1.00
20010408	1.00
20010409	1.00
20010410	1.00
20010411	1.00
20010412	1.00
20010413	1.00
20010414	1.00
20010415	1.00
20010416	1.00
20010417	1.00
20010418	1.00
20010419	1.00
20010420	1.00
20010421	1.00
20010422	1.00
20010423	1.00
20010424	1.00
20010425	0.63
20010426	1.00
20010427	1.00
20010428	0.26
20010429	0.00
20010430	0.41
20010501	0.56
20010502	0.87
20010503	0.22
20010504	1.00
20010505	0.60
20010506	1.00
20010507	1.00
20010508	0.71
20010509	0.67
20010510	1.00
20010511	1.00
20010512	1.00
20010513	1.00
20010514	0.99
20010515	1.00
20010516	1.00
20010517	1.00
20010518	1.00
20010519	1.00
20010520	1.00
20010521	1.00
20010522	1.00
20010523	1.00
20010524	1.00
20010525	1.00
20010526	1.00
20010527	1.00
20010528	1.00
20010529	1.00
20010530	1.00
20010531	1.00
20010601	1.00
20010602	1.00
20010603	1.00
20010604	1.00
20010605	1.00
20010606	1.00
20010607	1.00
20010608	1.00
20010609	1.00
20010610	1.00
20010611	1.00
20010612	1.00
20010613	1.00
20010614	1.00
20010615	1.00
20010616	1.00
20010617	1.00
20010618	1.00
20010619	1.00
20010620	1.00
20010621	1.00
20010622	1.00
20010623	1.00
20010624	1.00
20010625	1.00
20010626	1.00
20010627	1.00
20010628	0.99
20010629	1.00
20010630	1.00
20010701	1.00
20010702	1.00
20010703	1.00
20010704	1.00
20010705	1.00
20010706	1.00
20010707	1.00
20010708	1.00
20010709	1.00
20010710	1.00
20010711	1.00
20010712	1.00
20010713	1.00
20010714	1.00
20010715	1.00
20010716	1.00
20010717	1.00
20010718	1.00
20010719	1.00
20010720	1.00
20010721	1.00
20010722	1.00
20010723	1.00
20010724	1.00
20010725	1.00
20010726	1.00
20010727	1.00
20010728	1.00
20010729	1.00
20010730	1.00
20010731	1.00
20010801	1.00
20010802	1.00
20010803	1.00
20010804	1.00
20010805	1.00
20010806	1.00
20010807	1.00
20010808	1.00
20010809	1.00
20010810	1.00
20010811	1.00
20010812	1.00
20010813	1.00
20010814	1.00
20010815	1.00
20010816	1.00
20010817	0.82
20010818	1.00
20010819	1.00
20010820	1.00
20010821	1.00
20010822	1.00
20010823	1.00
20010824	1.00
20010825	1.00
20010826	1.00
20010827	1.00
20010828	1.00
20010829	1.00
20010830	1.00
20010831	1.00
20010901	1.00
20010902	1.00
20010903	1.00
20010904	1.00
20010905	1.00
20010906	1.00
20010907	1.00
20010908	1.00
20010909	1.00
20010910	1.00
20010911	1.00
20010912	1.00
20010913	0.97
20010914	1.00
20010915	1.00
20010916	1.00
20010917	1.00
20010918	1.00
20010919	1.00
20010920	1.00
20010921	1.00
20010922	1.00
20010923	1.00
20010924	1.00
20010925	1.00
20010926	1.00
20010927	0.96
20010928	0.15
20010929	0.21
20010930	0.70
20011001	0.23
20011002	0.88
20011003	1.00
20011004	1.00
20011005	1.00
20011006	1.00
20011007	1.00
20011008	1.00
20011009	1.00
20011010	1.00
20011011	1.00
20011012	1.00
20011013	1.00
20011014	0.98
20011015	1.00
20011016	1.00
20011017	1.00
20011018	1.00
20011019	1.00
20011020	1.00
20011021	1.00
20011022	1.00
20011023	1.00
20011024	1.00
20011025	1.00
20011026	1.00
20011027	1.00
20011028	1.00
20011029	1.00
20011030	1.00
20011031	1.00
20011101	1.00
20011102	1.00
20011103	1.00
20011104	1.00
20011105	0.98
20011106	1.00
20011107	0.94
20011108	1.00
20011109	1.00
20011110	1.00
20011111	1.00
20011112	1.00
20011113	1.00
20011114	1.00
20011115	1.00
20011116	1.00
20011117	1.00
20011118	1.00
20011119	1.00
20011120	1.00
20011121	1.00
20011122	1.00
20011123	1.00
20011124	1.00
20011125	1.00
20011126	1.00
20011127	1.00
20011128	1.00
20011129	1.00
20011130	1.00
20011201	1.00
20011202	1.00
20011203	1.00
20011204	1.00
20011205	1.00
20011206	1.00
20011207	1.00
20011208	1.00
20011209	1.00
20011210	1.00
20011211	1.00
20011212	1.00
20011213	1.00
20011214	1.00
20011215	1.00
20011216	1.00
20011217	1.00
20011218	0.97
20011219	1.00
20011220	1.00
20011221	1.00
20011222	1.00
20011223	1.00
20011224	1.00
20011225	1.00
20011226	1.00
20011227	1.00
20011228	1.00
20011229	1.00
20011230	1.00
20011231	1.00
20020101	1.00
20020102	1.00
20020103	1.00
20020104	1.00
20020105	1.00
20020106	1.00
20020107	1.00
20020108	1.00
20020109	1.00
20020110	1.00
20020111	1.00
20020112	1.00
20020113	1.00
20020114	0.99
20020115	1.00
20020116	1.00
20020117	1.00
20020118	1.00
20020119	1.00
20020120	1.00
20020121	1.00
20020122	1.00
20020123	1.00
20020124	1.00
20020125	1.00
20020126	1.00
20020127	1.00
20020128	0.88
20020129	1.00
20020130	0.72
20020131	1.00
20020201	1.00
20020202	1.00
20020203	1.00
20020204	1.00
20020205	1.00
20020206	1.00
20020207	1.00
20020208	1.00
20020209	1.00
20020210	1.00
20020211	1.00
20020212	1.00
20020213	1.00
20020214	1.00
20020215	1.00
20020216	1.00
20020217	1.00
20020218	1.00
20020219	1.00
20020220	1.00
20020221	1.00
20020222	1.00
20020223	1.00
20020224	1.00
20020225	1.00
20020226	1.00
20020227	1.00
20020228	1.00
20020301	1.00
20020302	1.00
20020303	1.00
20020304	1.00
20020305	1.00
20020306	1.00
20020307	1.00
20020308	1.00
20020309	1.00
20020310	1.00
20020311	1.00
20020312	1.00
20020313	1.00
20020314	1.00
20020315	1.00
20020316	1.00
20020317	1.00
20020318	1.00
20020319	1.00
20020320	1.00
20020321	1.00
20020322	1.00
20020323	1.00
20020324	1.00
20020325	1.00
20020326	1.00
20020327	1.00
20020328	1.00
20020329	1.00
20020330	1.00
20020331	1.00
20020401	1.00
20020402	1.00
20020403	1.00
20020404	1.00
20020405	1.00
20020406	1.00
20020407	1.00
20020408	1.00
20020409	1.00
20020410	1.00
20020411	1.00
20020412	1.00
20020413	1.00
20020414	1.00
20020415	1.00
20020416	1.00
20020417	1.00
20020418	1.00
20020419	1.00
20020420	1.00
20020421	1.00
20020422	1.00
20020423	1.00
20020424	1.00
20020425	1.00
20020426	1.00
20020427	1.00
20020428	1.00
20020429	1.00
20020430	1.00
20020501	1.00
20020502	1.00
20020503	1.00
20020504	1.00
20020505	1.00
20020506	1.00
20020507	1.00
20020508	1.00
20020509	1.00
20020510	1.00
20020511	1.00
20020512	1.00
20020513	1.00
20020514	1.00
20020515	1.00
20020516	1.00
20020517	1.00
20020518	1.00
20020519	1.00
20020520	1.00
20020521	1.00
20020522	1.00
20020523	1.00
20020524	1.00
20020525	1.00
20020526	1.00
20020527	1.00
20020528	1.00
20020529	1.00
20020530	1.00
20020531	1.00
20020601	1.00
20020602	1.00
20020603	1.00
20020604	1.00
20020605	0.88
20020606	0.80
20020607	1.00
20020608	1.00
20020609	1.00
20020610	1.00
20020611	1.00
20020612	1.00
20020613	1.00
20020614	1.00
20020615	1.00
20020616	1.00
20020617	0.61
20020618	1.00
20020619	1.00
20020620	1.00
20020621	1.00
20020622	1.00
20020623	1.00
20020624	1.00
20020625	1.00
20020626	1.00
20020627	1.00
20020628	1.00
20020629	1.00
20020630	1.00
20020701	1.00
20020702	1.00
20020703	1.00
20020704	1.00
20020705	1.00
20020706	1.00
20020707	1.00
20020708	1.00
20020709	1.00
20020710	1.00
20020711	1.00
20020712	1.00
20020713	1.00
20020714	1.00
20020715	1.00
20020716	1.00
20020717	1.00
20020718	1.00
20020719	1.00
20020720	1.00
20020721	1.00
20020722	1.00
20020723	1.00
20020724	1.00
20020725	1.00
20020726	1.00
20020727	1.00
20020728	0.83
20020729	1.00
20020730	1.00
20020731	1.00
20020801	1.00
20020802	1.00
20020803	1.00
20020804	1.00
20020805	1.00
20020806	1.00
20020807	0.55
20020808	1.00
20020809	0.96
20020810	1.00
20020811	0.75
20020812	0.72
20020813	1.00
20020814	1.00
20020815	1.00
20020816	1.00
20020817	1.00
20020818	1.00
20020819	1.00
20020820	1.00
20020821	1.00
20020822	1.00
20020823	1.00
20020824	1.00
20020825	1.00
20020826	1.00
20020827	1.00
20020828	1.00
20020829	1.00
20020830	1.00
20020831	1.00
20020901	1.00
20020902	1.00
20020903	1.00
20020904	1.00
20020905	1.00
20020906	1.00
20020907	1.00
20020908	0.68
20020909	1.00
20020910	1.00
20020911	1.00
20020912	1.00
20020913	1.00
20020914	1.00
20020915	1.00
20020916	1.00
20020917	1.00
20020918	1.00
20020919	1.00
20020920	1.00
20020921	1.00
20020922	1.00
20020923	1.00
20020924	1.00
20020925	1.00
20020926	1.00
20020927	1.00
20020928	1.00
20020929	1.00
20020930	1.00
20021001	1.00
20021002	1.00
20021003	1.00
20021004	1.00
20021005	1.00
20021006	1.00
20021007	1.00
20021008	0.84
20021009	1.00
20021010	1.00
20021011	1.00
20021012	1.00
20021013	1.00
20021014	1.00
20021015	1.00
20021016	1.00
20021017	1.00
20021018	1.00
20021019	1.00
20021020	1.00
20021021	0.80
20021022	1.00
20021023	1.00
20021024	1.00
20021025	1.00
20021026	1.00
20021027	1.00
20021028	1.00
20021029	1.00
20021030	1.00
20021031	1.00
20021101	1.00
20021102	1.00
20021103	1.00
20021104	0.95
20021105	1.00
20021106	1.00
20021107	1.00
20021108	1.00
20021109	1.00
20021110	1.00
20021111	1.00
20021112	1.00
20021113	1.00
20021114	1.00
20021115	1.00
20021116	1.00
20021117	0.99
20021118	1.00
20021119	1.00
20021120	1.00
20021121	1.00
20021122	1.00
20021123	1.00
20021124	1.00
20021125	1.00
20021126	1.00
20021127	1.00
20021128	1.00
20021129	1.00
20021130	1.00
20021201	1.00
20021202	1.00
20021203	1.00
20021204	1.00
20021205	1.00
20021206	1.00
20021207	1.00
20021208	1.00
20021209	1.00
20021210	1.00
20021211	1.00
20021212	1.00
20021213	1.00
20021214	1.00
20021215	1.00
20021216	1.00
20021217	0.99
20021218	1.00
20021219	0.69
20021220	0.00
20021221	0.00
20021222	0.00
20021223	0.00
20021224	0.00
20021225	0.00
20021226	0.00
20021227	0.00
20021228	0.00
20021229	0.00
20021230	0.00
20021231	0.00
20030101	0.00
20030102	0.00
20030103	0.00
20030104	0.00
20030105	0.00
20030106	0.00
20030107	0.00
20030108	0.00
20030109	0.00
20030110	0.00
20030111	0.00
20030112	0.00
20030113	0.00
20030114	0.00
20030115	0.00
20030116	0.00
20030117	0.00
20030118	0.00
20030119	0.00
20030120	0.00
20030121	0.00
20030122	0.00
20030123	0.00
20030124	0.00
20030125	0.00
20030126	0.00
20030127	0.00
20030128	0.00
20030129	0.00
20030130	0.00
20030131	0.00
20030201	0.00
20030202	0.00
20030203	0.00
20030204	0.00
20030205	0.00
20030206	0.00
20030207	0.00
20030208	0.00
20030209	0.00
20030210	0.00
20030211	0.00
20030212	0.00
20030213	0.00
20030214	0.00
20030215	0.00
20030216	0.00
20030217	0.00
20030218	0.00
20030219	0.00
20030220	0.00
20030221	0.00
20030222	0.00
20030223	0.00
20030224	0.00
20030225	0.00
20030226	0.00
20030227	0.00
20030228	0.00
20030301	0.00
20030302	0.00
20030303	0.00
20030304	0.00
20030305	0.00
20030306	0.00
20030307	0.00
20030308	0.00
20030309	0.00
20030310	0.00
20030311	0.00
20030312	0.00
20030313	0.00
20030314	0.00
20030315	0.00
20030316	0.00
20030317	0.00
20030318	0.00
20030319	0.00
20030320	0.00
20030321	0.00
20030322	0.00
20030323	0.00
20030324	0.00
20030325	0.00
20030326	0.00
20030327	0.00
20030328	0.00
20030329	0.00
20030330	0.00
20030331	0.00
20030401	0.00
20030402	0.00
20030403	0.00
20030404	0.00
20030405	0.00
20030406	0.00
20030407	0.00
20030408	0.00
20030409	0.00
20030410	0.00
20030411	0.00
20030412	0.00
20030413	0.00
20030414	0.00
20030415	0.00
20030416	0.00
20030417	0.00
20030418	0.00
20030419	0.00
20030420	0.00
20030421	0.00
20030422	0.00
20030423	0.00
20030424	0.00
20030425	0.00
20030426	0.00
20030427	0.00
20030428	0.00
20030429	0.00
20030430	0.00
20030501	0.00
20030502	0.00
20030503	0.00
20030504	0.00
20030505	0.00
20030506	0.00
20030507	0.00
20030508	0.00
20030509	0.00
20030510	0.00
20030511	0.00
20030512	0.00
20030513	0.00
20030514	0.00
20030515	0.00
20030516	0.00
20030517	0.00
20030518	0.00
20030519	0.00
20030520	0.00
20030521	0.00
20030522	0.00
20030523	0.00
20030524	0.00
20030525	0.00
20030526	0.00
20030527	0.00
20030528	0.00
20030529	0.00
20030530	0.00
20030531	0.00
20030601	0.00
20030602	0.00
20030603	0.00
20030604	0.00
20030605	0.00
20030606	0.00
20030607	0.00
20030608	0.00
20030609	0.00
20030610	0.00
20030611	0.00
20030612	0.00
20030613	0.00
20030614	0.00
20030615	0.00
20030616	0.00
20030617	0.00
20030618	0.00
20030619	0.00
20030620	0.00
20030621	0.00
20030622	0.00
20030623	0.00
20030624	0.00
20030625	0.00
20030626	0.00
20030627	0.00
20030628	0.00
20030629	0.00
20030630	0.00
20030701	0.00
20030702	0.00
20030703	0.00
20030704	0.00
20030705	0.00
20030706	0.00
20030707	0.00
20030708	0.00
20030709	0.00
20030710	0.00
20030711	0.00
20030712	0.00
20030713	0.00
20030714	0.00
20030715	0.00
20030716	0.00
20030717	0.00
20030718	0.00
20030719	0.00
20030720	0.00
20030721	0.00
20030722	0.00
20030723	0.00
20030724	0.00
20030725	0.00
20030726	0.00
20030727	0.00
20030728	0.00
20030729	0.00
20030730	0.00
20030731	0.00
20030801	0.00
20030802	0.00
20030803	0.00
20030804	0.00
20030805	0.00
20030806	0.00
20030807	0.00
20030808	0.00
20030809	0.00
20030810	0.00
20030811	0.00
20030812	0.00
20030813	0.00
20030814	0.00
20030815	0.00
20030816	0.00
20030817	0.00
20030818	0.00
20030819	0.00
20030820	0.00
20030821	0.00
20030822	0.00
20030823	0.00
20030824	0.00
20030825	0.00
20030826	0.00
20030827	0.00
20030828	0.00
20030829	0.00
20030830	0.00
20030831	0.00
20030901	0.00
20030902	0.00
20030903	0.00
20030904	0.00
20030905	0.00
20030906	0.00
20030907	0.00
20030908	0.00
20030909	0.00
20030910	0.00
20030911	0.00
20030912	0.00
20030913	0.00
20030914	0.00
20030915	0.00
20030916	0.00
20030917	0.00
20030918	0.00
20030919	0.00
20030920	0.00
20030921	0.00
20030922	0.00
20030923	0.00
20030924	0.00
20030925	0.00
20030926	0.00
20030927	0.00
20030928	0.00
20030929	0.00
20030930	0.00
20031001	0.00
20031002	0.00
20031003	0.00
20031004	0.00
20031005	0.00
20031006	0.00
20031007	0.00
20031008	0.00
20031009	0.00
20031010	0.00
20031011	0.00
20031012	0.00
20031013	0.00
20031014	0.00
20031015	0.00
20031016	0.00
20031017	0.00
20031018	0.00
20031019	0.00
20031020	0.00
20031021	0.00
20031022	0.00
20031023	0.00
20031024	0.00
20031025	0.00
20031026	0.00
20031027	0.00
20031028	0.00
20031029	0.00
20031030	0.00
20031031	0.00
20031101	0.00
20031102	0.00
20031103	0.00
20031104	0.00
20031105	0.00
20031106	0.00
20031107	0.00
20031108	0.00
20031109	0.00
20031110	0.00
20031111	0.00
20031112	0.00
20031113	0.00
20031114	0.00
20031115	0.00
20031116	0.00
20031117	0.00
20031118	0.00
20031119	0.00
20031120	0.00
20031121	0.00
20031122	0.00
20031123	0.00
20031124	0.00
20031125	0.00
20031126	0.00
20031127	0.00
20031128	0.00
20031129	0.00
20031130	0.00
20031201	0.00
20031202	0.00
20031203	0.00
20031204	0.00
20031205	0.00
20031206	0.00
20031207	0.00
20031208	0.00
20031209	0.00
20031210	0.00
20031211	0.00
20031212	0.00
20031213	0.00
20031214	0.00
20031215	0.00
20031216	0.00
20031217	0.00
20031218	0.00
20031219	0.00
20031220	0.00
20031221	0.00
20031222	0.00
20031223	0.00
20031224	0.00
20031225	0.00
20031226	0.00
20031227	0.00
20031228	0.00
20031229	0.00
20031230	0.00
20031231	0.00
20040101	0.00
20040102	0.00
20040103	0.00
20040104	0.00
20040105	0.00
20040106	0.00
20040107	0.00
20040108	0.00
20040109	0.00
20040110	0.00
